2245
5.00 76.00 10.0 0.0 182 2006
5.00 76.00 20.0 0.0 182 2006
5.00 76.00 30.0 0.0 182 2006
5.00 76.00 40.0 0.0 182 2006
5.00 76.00 50.0 0.0 182 2006
5.00 76.00 60.0 0.0 182 2006
5.00 76.00 70.0 0.0 182 2006
5.00 76.00 80.0 0.0 182 2006
5.00 76.00 90.0 0.0 182 2006
5.00 76.00 100.0 0.0 182 2006
5.00 76.00 115.0 0.0 182 2006
5.00 76.00 135.0 0.0 182 2006
5.00 76.00 160.0 0.0 182 2006
5.08 76.00 10.0 0.0 182 2006
5.08 76.00 20.0 0.0 182 2006
5.08 76.00 30.0 0.0 182 2006
5.08 76.00 40.0 0.0 182 2006
5.08 76.00 50.0 0.0 182 2006
5.08 76.00 60.0 0.0 182 2006
5.08 76.00 70.0 0.0 182 2006
5.08 76.00 80.0 0.0 182 2006
5.08 76.00 90.0 0.0 182 2006
5.08 76.00 100.0 0.0 182 2006
5.08 76.00 115.0 0.0 182 2006
5.08 76.00 135.0 0.0 182 2006
5.08 76.00 160.0 0.0 182 2006
5.08 76.00 190.0 0.0 182 2006
5.08 76.00 230.0 0.0 182 2006
5.08 76.00 280.0 0.0 182 2006
5.08 76.00 340.0 0.0 182 2006
5.17 76.00 10.0 0.0 182 2006
5.17 76.00 20.0 0.0 182 2006
5.17 76.00 30.0 0.0 182 2006
5.17 76.00 40.0 0.0 182 2006
5.17 76.00 50.0 0.0 182 2006
5.17 76.00 60.0 0.0 182 2006
5.17 76.00 70.0 0.0 182 2006
5.17 76.00 80.0 0.0 182 2006
5.17 76.00 90.0 0.0 182 2006
5.17 76.00 100.0 0.0 182 2006
5.17 76.00 115.0 0.0 182 2006
5.17 76.00 135.0 0.0 182 2006
5.17 76.00 160.0 0.0 182 2006
5.17 76.00 190.0 0.0 182 2006
5.17 76.00 230.0 0.0 182 2006
5.17 76.00 280.0 0.0 182 2006
5.17 76.00 340.0 0.0 182 2006
5.25 76.00 10.0 0.0 182 2006
5.25 76.00 20.0 0.0 182 2006
5.25 76.00 30.0 0.0 182 2006
5.25 76.00 40.0 0.0 182 2006
5.25 76.00 50.0 0.0 182 2006
5.25 76.00 60.0 0.0 182 2006
5.25 76.00 70.0 0.0 182 2006
5.25 76.00 80.0 0.0 182 2006
5.25 76.00 90.0 0.0 182 2006
5.25 76.00 100.0 0.0 182 2006
5.25 76.00 115.0 0.0 182 2006
5.25 76.00 135.0 0.0 182 2006
5.25 76.00 160.0 0.0 182 2006
5.25 76.00 190.0 0.0 182 2006
5.25 76.00 230.0 0.0 182 2006
5.25 76.00 280.0 0.0 182 2006
5.25 76.00 340.0 0.0 182 2006
5.33 76.00 10.0 0.0 182 2006
5.33 76.00 20.0 0.0 182 2006
5.33 76.00 30.0 0.0 182 2006
5.33 76.00 40.0 0.0 182 2006
5.33 76.00 50.0 0.0 182 2006
5.33 76.00 60.0 0.0 182 2006
5.33 76.00 70.0 0.0 182 2006
5.33 76.00 80.0 0.0 182 2006
5.33 76.00 90.0 0.0 182 2006
5.33 76.00 100.0 0.0 182 2006
5.33 76.00 115.0 0.0 182 2006
5.33 76.00 135.0 0.0 182 2006
5.33 76.00 160.0 0.0 182 2006
5.33 76.00 190.0 0.0 182 2006
5.33 76.00 230.0 0.0 182 2006
5.33 76.00 280.0 0.0 182 2006
5.33 76.00 340.0 0.0 182 2006
5.42 76.00 10.0 0.0 182 2006
5.42 76.00 20.0 0.0 182 2006
5.42 76.00 30.0 0.0 182 2006
5.42 76.00 40.0 0.0 182 2006
5.42 76.00 50.0 0.0 182 2006
5.42 76.00 60.0 0.0 182 2006
5.42 76.00 70.0 0.0 182 2006
5.42 76.00 80.0 0.0 182 2006
5.42 76.00 90.0 0.0 182 2006
5.42 76.00 100.0 0.0 182 2006
5.42 76.00 115.0 0.0 182 2006
5.42 76.00 135.0 0.0 182 2006
5.42 76.00 160.0 0.0 182 2006
5.42 76.00 190.0 0.0 182 2006
5.42 76.00 230.0 0.0 182 2006
5.42 76.00 280.0 0.0 182 2006
5.42 76.00 340.0 0.0 182 2006
5.50 76.00 10.0 0.0 182 2006
5.50 76.00 20.0 0.0 182 2006
5.50 76.00 30.0 0.0 182 2006
5.50 76.00 40.0 0.0 182 2006
5.50 76.00 50.0 0.0 182 2006
5.50 76.00 60.0 0.0 182 2006
5.50 76.00 70.0 0.0 182 2006
5.50 76.00 80.0 0.0 182 2006
5.50 76.00 90.0 0.0 182 2006
5.50 76.00 100.0 0.0 182 2006
5.50 76.00 115.0 0.0 182 2006
5.50 76.00 135.0 0.0 182 2006
5.50 76.00 160.0 0.0 182 2006
5.50 76.00 190.0 0.0 182 2006
5.50 76.00 230.0 0.0 182 2006
5.50 76.00 280.0 0.0 182 2006
5.50 76.00 340.0 0.0 182 2006
5.58 76.00 10.0 0.0 182 2006
5.58 76.00 20.0 0.0 182 2006
5.58 76.00 30.0 0.0 182 2006
5.58 76.00 40.0 0.0 182 2006
5.58 76.00 50.0 0.0 182 2006
5.58 76.00 60.0 0.0 182 2006
5.58 76.00 70.0 0.0 182 2006
5.58 76.00 80.0 0.0 182 2006
5.58 76.00 90.0 0.0 182 2006
5.58 76.00 100.0 0.0 182 2006
5.58 76.00 115.0 0.0 182 2006
5.58 76.00 135.0 0.0 182 2006
5.58 76.00 160.0 0.0 182 2006
5.58 76.00 190.0 0.0 182 2006
5.58 76.00 230.0 0.0 182 2006
5.58 76.00 280.0 0.0 182 2006
5.58 76.00 340.0 0.0 182 2006
5.58 76.00 410.0 0.0 182 2006
5.67 76.00 10.0 0.0 182 2006
5.67 76.00 20.0 0.0 182 2006
5.67 76.00 30.0 0.0 182 2006
5.67 76.00 40.0 0.0 182 2006
5.67 76.00 50.0 0.0 182 2006
5.67 76.00 60.0 0.0 182 2006
5.67 76.00 70.0 0.0 182 2006
5.67 76.00 80.0 0.0 182 2006
5.67 76.00 90.0 0.0 182 2006
5.67 76.00 100.0 0.0 182 2006
5.67 76.00 115.0 0.0 182 2006
5.67 76.00 135.0 0.0 182 2006
5.67 76.00 160.0 0.0 182 2006
5.67 76.00 190.0 0.0 182 2006
5.67 76.00 230.0 0.0 182 2006
5.67 76.00 280.0 0.0 182 2006
5.67 76.00 340.0 0.0 182 2006
5.67 76.00 410.0 0.0 182 2006
5.75 76.00 10.0 0.0 182 2006
5.75 76.00 20.0 0.0 182 2006
5.75 76.00 30.0 0.0 182 2006
5.75 76.00 40.0 0.0 182 2006
5.75 76.00 50.0 0.0 182 2006
5.75 76.00 60.0 0.0 182 2006
5.75 76.00 70.0 0.0 182 2006
5.75 76.00 80.0 0.0 182 2006
5.75 76.00 90.0 0.0 182 2006
5.75 76.00 100.0 0.0 182 2006
5.75 76.00 115.0 0.0 182 2006
5.75 76.00 135.0 0.0 182 2006
5.75 76.00 160.0 0.0 182 2006
5.75 76.00 190.0 0.0 182 2006
5.75 76.00 230.0 0.0 182 2006
5.75 76.00 280.0 0.0 182 2006
5.75 76.00 340.0 0.0 182 2006
5.75 76.00 410.0 0.0 182 2006
5.83 76.00 10.0 0.0 182 2006
5.83 76.00 20.0 0.0 182 2006
5.83 76.00 30.0 0.0 182 2006
5.83 76.00 40.0 0.0 182 2006
5.83 76.00 50.0 0.0 182 2006
5.83 76.00 60.0 0.0 182 2006
5.83 76.00 70.0 0.0 182 2006
5.83 76.00 80.0 0.0 182 2006
5.83 76.00 90.0 0.0 182 2006
5.83 76.00 100.0 0.0 182 2006
5.83 76.00 115.0 0.0 182 2006
5.83 76.00 135.0 0.0 182 2006
5.83 76.00 160.0 0.0 182 2006
5.83 76.00 190.0 0.0 182 2006
5.83 76.00 230.0 0.0 182 2006
5.83 76.00 280.0 0.0 182 2006
5.83 76.00 340.0 0.0 182 2006
5.83 76.00 410.0 0.0 182 2006
5.92 76.00 10.0 0.0 182 2006
5.92 76.00 20.0 0.0 182 2006
5.92 76.00 30.0 0.0 182 2006
5.92 76.00 40.0 0.0 182 2006
5.92 76.00 50.0 0.0 182 2006
5.92 76.00 60.0 0.0 182 2006
5.92 76.00 70.0 0.0 182 2006
5.92 76.00 80.0 0.0 182 2006
5.92 76.00 90.0 0.0 182 2006
5.92 76.00 100.0 0.0 182 2006
5.92 76.00 115.0 0.0 182 2006
5.92 76.00 135.0 0.0 182 2006
5.92 76.00 160.0 0.0 182 2006
5.92 76.00 190.0 0.0 182 2006
5.92 76.00 230.0 0.0 182 2006
5.92 76.00 280.0 0.0 182 2006
5.92 76.00 340.0 0.0 182 2006
5.92 76.00 410.0 0.0 182 2006
6.00 76.00 10.0 0.0 182 2006
6.00 76.00 20.0 0.0 182 2006
6.00 76.00 30.0 0.0 182 2006
6.00 76.00 40.0 0.0 182 2006
6.00 76.00 50.0 0.0 182 2006
6.00 76.00 60.0 0.0 182 2006
6.00 76.00 70.0 0.0 182 2006
6.00 76.00 80.0 0.0 182 2006
6.00 76.00 90.0 0.0 182 2006
6.00 76.00 100.0 0.0 182 2006
6.00 76.00 115.0 0.0 182 2006
6.00 76.00 135.0 0.0 182 2006
6.00 76.00 160.0 0.0 182 2006
6.00 76.00 190.0 0.0 182 2006
6.00 76.00 230.0 0.0 182 2006
6.00 76.00 280.0 0.0 182 2006
6.00 76.00 340.0 0.0 182 2006
6.00 76.00 410.0 0.0 182 2006
6.08 76.00 10.0 0.0 182 2006
6.08 76.00 20.0 0.0 182 2006
6.08 76.00 30.0 0.0 182 2006
6.08 76.00 40.0 0.0 182 2006
6.08 76.00 50.0 0.0 182 2006
6.08 76.00 60.0 0.0 182 2006
6.08 76.00 70.0 0.0 182 2006
6.08 76.00 80.0 0.0 182 2006
6.08 76.00 90.0 0.0 182 2006
6.08 76.00 100.0 0.0 182 2006
6.08 76.00 115.0 0.0 182 2006
6.08 76.00 135.0 0.0 182 2006
6.08 76.00 160.0 0.0 182 2006
6.08 76.00 190.0 0.0 182 2006
6.08 76.00 230.0 0.0 182 2006
6.08 76.00 280.0 0.0 182 2006
6.08 76.00 340.0 0.0 182 2006
6.08 76.00 410.0 0.0 182 2006
6.17 76.00 10.0 0.0 182 2006
6.17 76.00 20.0 0.0 182 2006
6.17 76.00 30.0 0.0 182 2006
6.17 76.00 40.0 0.0 182 2006
6.17 76.00 50.0 0.0 182 2006
6.17 76.00 60.0 0.0 182 2006
6.17 76.00 70.0 0.0 182 2006
6.17 76.00 80.0 0.0 182 2006
6.17 76.00 90.0 0.0 182 2006
6.17 76.00 100.0 0.0 182 2006
6.17 76.00 115.0 0.0 182 2006
6.17 76.00 135.0 0.0 182 2006
6.17 76.00 160.0 0.0 182 2006
6.17 76.00 190.0 0.0 182 2006
6.17 76.00 230.0 0.0 182 2006
6.17 76.00 280.0 0.0 182 2006
6.17 76.00 340.0 0.0 182 2006
6.17 76.00 410.0 0.0 182 2006
6.25 76.00 10.0 0.0 182 2006
6.25 76.00 20.0 0.0 182 2006
6.25 76.00 30.0 0.0 182 2006
6.25 76.00 40.0 0.0 182 2006
6.25 76.00 50.0 0.0 182 2006
6.25 76.00 60.0 0.0 182 2006
6.25 76.00 70.0 0.0 182 2006
6.25 76.00 80.0 0.0 182 2006
6.25 76.00 90.0 0.0 182 2006
6.25 76.00 100.0 0.0 182 2006
6.25 76.00 115.0 0.0 182 2006
6.25 76.00 135.0 0.0 182 2006
6.25 76.00 160.0 0.0 182 2006
6.25 76.00 190.0 0.0 182 2006
6.25 76.00 230.0 0.0 182 2006
6.25 76.00 280.0 0.0 182 2006
6.25 76.00 340.0 0.0 182 2006
6.25 76.00 410.0 0.0 182 2006
6.33 76.00 10.0 0.0 182 2006
6.33 76.00 20.0 0.0 182 2006
6.33 76.00 30.0 0.0 182 2006
6.33 76.00 40.0 0.0 182 2006
6.33 76.00 50.0 0.0 182 2006
6.33 76.00 60.0 0.0 182 2006
6.33 76.00 70.0 0.0 182 2006
6.33 76.00 80.0 0.0 182 2006
6.33 76.00 90.0 0.0 182 2006
6.33 76.00 100.0 0.0 182 2006
6.33 76.00 115.0 0.0 182 2006
6.33 76.00 135.0 0.0 182 2006
6.33 76.00 160.0 0.0 182 2006
6.33 76.00 190.0 0.0 182 2006
6.33 76.00 230.0 0.0 182 2006
6.33 76.00 280.0 0.0 182 2006
6.33 76.00 340.0 0.0 182 2006
6.33 76.00 410.0 0.0 182 2006
6.42 76.00 10.0 0.0 182 2006
6.42 76.00 20.0 0.0 182 2006
6.42 76.00 30.0 0.0 182 2006
6.42 76.00 40.0 0.0 182 2006
6.42 76.00 50.0 0.0 182 2006
6.42 76.00 60.0 0.0 182 2006
6.42 76.00 70.0 0.0 182 2006
6.42 76.00 80.0 0.0 182 2006
6.42 76.00 90.0 0.0 182 2006
6.42 76.00 100.0 0.0 182 2006
6.42 76.00 115.0 0.0 182 2006
6.42 76.00 135.0 0.0 182 2006
6.42 76.00 160.0 0.0 182 2006
6.42 76.00 190.0 0.0 182 2006
6.42 76.00 230.0 0.0 182 2006
6.42 76.00 280.0 0.0 182 2006
6.42 76.00 340.0 0.0 182 2006
6.42 76.00 410.0 0.0 182 2006
6.50 76.00 10.0 0.0 182 2006
6.50 76.00 20.0 0.0 182 2006
6.50 76.00 30.0 0.0 182 2006
6.50 76.00 40.0 0.0 182 2006
6.50 76.00 50.0 0.0 182 2006
6.50 76.00 60.0 0.0 182 2006
6.50 76.00 70.0 0.0 182 2006
6.50 76.00 80.0 0.0 182 2006
6.50 76.00 90.0 0.0 182 2006
6.50 76.00 100.0 0.0 182 2006
6.50 76.00 115.0 0.0 182 2006
6.50 76.00 135.0 0.0 182 2006
6.50 76.00 160.0 0.0 182 2006
6.50 76.00 190.0 0.0 182 2006
6.50 76.00 230.0 0.0 182 2006
6.50 76.00 280.0 0.0 182 2006
6.50 76.00 340.0 0.0 182 2006
6.50 76.00 410.0 0.0 182 2006
6.58 76.00 10.0 0.0 182 2006
6.58 76.00 20.0 0.0 182 2006
6.58 76.00 30.0 0.0 182 2006
6.58 76.00 40.0 0.0 182 2006
6.58 76.00 50.0 0.0 182 2006
6.58 76.00 60.0 0.0 182 2006
6.58 76.00 70.0 0.0 182 2006
6.58 76.00 80.0 0.0 182 2006
6.58 76.00 90.0 0.0 182 2006
6.58 76.00 100.0 0.0 182 2006
6.58 76.00 115.0 0.0 182 2006
6.58 76.00 135.0 0.0 182 2006
6.58 76.00 160.0 0.0 182 2006
6.58 76.00 190.0 0.0 182 2006
6.58 76.00 230.0 0.0 182 2006
6.58 76.00 280.0 0.0 182 2006
6.67 76.00 10.0 0.0 182 2006
6.67 76.00 20.0 0.0 182 2006
6.67 76.00 30.0 0.0 182 2006
6.67 76.00 40.0 0.0 182 2006
6.67 76.00 50.0 0.0 182 2006
6.67 76.00 60.0 0.0 182 2006
6.67 76.00 70.0 0.0 182 2006
6.67 76.00 80.0 0.0 182 2006
6.67 76.00 90.0 0.0 182 2006
6.67 76.00 100.0 0.0 182 2006
6.67 76.00 115.0 0.0 182 2006
6.67 76.00 135.0 0.0 182 2006
6.67 76.00 160.0 0.0 182 2006
6.67 76.00 190.0 0.0 182 2006
6.67 76.00 230.0 0.0 182 2006
6.67 76.00 280.0 0.0 182 2006
6.75 76.00 10.0 0.0 182 2006
6.75 76.00 20.0 0.0 182 2006
6.75 76.00 30.0 0.0 182 2006
6.75 76.00 40.0 0.0 182 2006
6.75 76.00 50.0 0.0 182 2006
6.75 76.00 60.0 0.0 182 2006
6.75 76.00 70.0 0.0 182 2006
6.75 76.00 80.0 0.0 182 2006
6.75 76.00 90.0 0.0 182 2006
6.75 76.00 100.0 0.0 182 2006
6.75 76.00 115.0 0.0 182 2006
6.75 76.00 135.0 0.0 182 2006
6.75 76.00 160.0 0.0 182 2006
6.75 76.00 190.0 0.0 182 2006
6.75 76.00 230.0 0.0 182 2006
6.75 76.00 280.0 0.0 182 2006
6.83 76.00 10.0 0.0 182 2006
6.83 76.00 20.0 0.0 182 2006
6.83 76.00 30.0 0.0 182 2006
6.83 76.00 40.0 0.0 182 2006
6.83 76.00 50.0 0.0 182 2006
6.83 76.00 60.0 0.0 182 2006
6.83 76.00 70.0 0.0 182 2006
6.83 76.00 80.0 0.0 182 2006
6.83 76.00 90.0 0.0 182 2006
6.83 76.00 100.0 0.0 182 2006
6.83 76.00 115.0 0.0 182 2006
6.83 76.00 135.0 0.0 182 2006
6.83 76.00 160.0 0.0 182 2006
6.83 76.00 190.0 0.0 182 2006
6.83 76.00 230.0 0.0 182 2006
6.83 76.00 340.0 0.0 182 2006
6.92 76.00 10.0 0.0 182 2006
6.92 76.00 20.0 0.0 182 2006
6.92 76.00 30.0 0.0 182 2006
6.92 76.00 40.0 0.0 182 2006
6.92 76.00 50.0 0.0 182 2006
6.92 76.00 60.0 0.0 182 2006
6.92 76.00 70.0 0.0 182 2006
6.92 76.00 80.0 0.0 182 2006
6.92 76.00 90.0 0.0 182 2006
6.92 76.00 100.0 0.0 182 2006
6.92 76.00 115.0 0.0 182 2006
6.92 76.00 135.0 0.0 182 2006
6.92 76.00 160.0 0.0 182 2006
6.92 76.00 190.0 0.0 182 2006
6.92 76.00 230.0 0.0 182 2006
6.92 76.00 280.0 0.0 182 2006
6.92 76.00 340.0 0.0 182 2006
7.00 76.00 10.0 0.0 182 2006
7.00 76.00 20.0 0.0 182 2006
7.00 76.00 30.0 0.0 182 2006
7.00 76.00 40.0 0.0 182 2006
7.00 76.00 50.0 0.0 182 2006
7.00 76.00 60.0 0.0 182 2006
7.00 76.00 70.0 0.0 182 2006
7.00 76.00 80.0 0.0 182 2006
7.00 76.00 90.0 0.0 182 2006
7.00 76.00 100.0 0.0 182 2006
7.00 76.00 115.0 0.0 182 2006
7.00 76.00 135.0 0.0 182 2006
7.00 76.00 160.0 0.0 182 2006
7.00 76.00 190.0 0.0 182 2006
7.00 76.00 230.0 0.0 182 2006
7.00 76.00 280.0 0.0 182 2006
7.00 76.00 340.0 0.0 182 2006
7.08 76.00 10.0 0.0 182 2006
7.08 76.00 20.0 0.0 182 2006
7.08 76.00 30.0 0.0 182 2006
7.08 76.00 40.0 0.0 182 2006
7.08 76.00 50.0 0.0 182 2006
7.08 76.00 60.0 0.0 182 2006
7.08 76.00 70.0 0.0 182 2006
7.08 76.00 80.0 0.0 182 2006
7.08 76.00 90.0 0.0 182 2006
7.08 76.00 100.0 0.0 182 2006
7.08 76.00 115.0 0.0 182 2006
7.08 76.00 135.0 0.0 182 2006
7.08 76.00 160.0 0.0 182 2006
7.08 76.00 190.0 0.0 182 2006
7.08 76.00 230.0 0.0 182 2006
7.08 76.00 280.0 0.0 182 2006
7.08 76.00 340.0 0.0 182 2006
7.17 76.00 10.0 0.0 182 2006
7.17 76.00 20.0 0.0 182 2006
7.17 76.00 30.0 0.0 182 2006
7.17 76.00 40.0 0.0 182 2006
7.17 76.00 50.0 0.0 182 2006
7.17 76.00 60.0 0.0 182 2006
7.17 76.00 70.0 0.0 182 2006
7.17 76.00 80.0 0.0 182 2006
7.17 76.00 90.0 0.0 182 2006
7.17 76.00 100.0 0.0 182 2006
7.17 76.00 115.0 0.0 182 2006
7.17 76.00 135.0 0.0 182 2006
7.17 76.00 160.0 0.0 182 2006
7.17 76.00 190.0 0.0 182 2006
7.17 76.00 230.0 0.0 182 2006
7.17 76.00 280.0 0.0 182 2006
7.17 76.00 340.0 0.0 182 2006
7.25 76.00 10.0 0.0 182 2006
7.25 76.00 20.0 0.0 182 2006
7.25 76.00 30.0 0.0 182 2006
7.25 76.00 40.0 0.0 182 2006
7.25 76.00 50.0 0.0 182 2006
7.25 76.00 60.0 0.0 182 2006
7.25 76.00 70.0 0.0 182 2006
7.25 76.00 80.0 0.0 182 2006
7.25 76.00 90.0 0.0 182 2006
7.25 76.00 100.0 0.0 182 2006
7.25 76.00 115.0 0.0 182 2006
7.25 76.00 135.0 0.0 182 2006
7.25 76.00 160.0 0.0 182 2006
7.25 76.00 190.0 0.0 182 2006
7.25 76.00 230.0 0.0 182 2006
7.25 76.00 280.0 0.0 182 2006
7.25 76.00 340.0 0.0 182 2006
7.25 76.00 410.0 0.0 182 2006
7.33 76.00 10.0 0.0 182 2006
7.33 76.00 20.0 0.0 182 2006
7.33 76.00 30.0 0.0 182 2006
7.33 76.00 40.0 0.0 182 2006
7.33 76.00 50.0 0.0 182 2006
7.33 76.00 60.0 0.0 182 2006
7.33 76.00 70.0 0.0 182 2006
7.33 76.00 80.0 0.0 182 2006
7.33 76.00 90.0 0.0 182 2006
7.33 76.00 100.0 0.0 182 2006
7.33 76.00 115.0 0.0 182 2006
7.33 76.00 135.0 0.0 182 2006
7.33 76.00 160.0 0.0 182 2006
7.33 76.00 190.0 0.0 182 2006
7.33 76.00 230.0 0.0 182 2006
7.33 76.00 280.0 0.0 182 2006
7.33 76.00 340.0 0.0 182 2006
7.33 76.00 410.0 0.0 182 2006
7.42 76.00 10.0 0.0 182 2006
7.42 76.00 20.0 0.0 182 2006
7.42 76.00 30.0 0.0 182 2006
7.42 76.00 40.0 0.0 182 2006
7.42 76.00 50.0 0.0 182 2006
7.42 76.00 60.0 0.0 182 2006
7.42 76.00 70.0 0.0 182 2006
7.42 76.00 80.0 0.0 182 2006
7.42 76.00 90.0 0.0 182 2006
7.42 76.00 100.0 0.0 182 2006
7.42 76.00 115.0 0.0 182 2006
7.42 76.00 135.0 0.0 182 2006
7.42 76.00 160.0 0.0 182 2006
7.42 76.00 190.0 0.0 182 2006
7.42 76.00 230.0 0.0 182 2006
7.42 76.00 280.0 0.0 182 2006
7.42 76.00 340.0 0.0 182 2006
7.42 76.00 410.0 0.0 182 2006
7.50 76.00 10.0 0.0 182 2006
7.50 76.00 20.0 0.0 182 2006
7.50 76.00 30.0 0.0 182 2006
7.50 76.00 40.0 0.0 182 2006
7.50 76.00 50.0 0.0 182 2006
7.50 76.00 60.0 0.0 182 2006
7.50 76.00 70.0 0.0 182 2006
7.50 76.00 80.0 0.0 182 2006
7.50 76.00 90.0 0.0 182 2006
7.50 76.00 100.0 0.0 182 2006
7.50 76.00 115.0 0.0 182 2006
7.50 76.00 135.0 0.0 182 2006
7.50 76.00 160.0 0.0 182 2006
7.50 76.00 190.0 0.0 182 2006
7.50 76.00 230.0 0.0 182 2006
7.50 76.00 280.0 0.0 182 2006
7.50 76.00 340.0 0.0 182 2006
7.50 76.00 410.0 0.0 182 2006
7.58 76.00 10.0 0.0 182 2006
7.58 76.00 20.0 0.0 182 2006
7.58 76.00 30.0 0.0 182 2006
7.58 76.00 40.0 0.0 182 2006
7.58 76.00 50.0 0.0 182 2006
7.58 76.00 60.0 0.0 182 2006
7.58 76.00 70.0 0.0 182 2006
7.58 76.00 80.0 0.0 182 2006
7.58 76.00 90.0 0.0 182 2006
7.58 76.00 100.0 0.0 182 2006
7.58 76.00 115.0 0.0 182 2006
7.58 76.00 135.0 0.0 182 2006
7.58 76.00 160.0 0.0 182 2006
7.58 76.00 190.0 0.0 182 2006
7.58 76.00 230.0 0.0 182 2006
7.58 76.00 280.0 0.0 182 2006
7.58 76.00 340.0 0.0 182 2006
7.58 76.00 410.0 0.0 182 2006
7.58 76.00 490.0 0.0 182 2006
7.67 76.00 10.0 0.0 182 2006
7.67 76.00 20.0 0.0 182 2006
7.67 76.00 30.0 0.0 182 2006
7.67 76.00 40.0 0.0 182 2006
7.67 76.00 50.0 0.0 182 2006
7.67 76.00 60.0 0.0 182 2006
7.67 76.00 70.0 0.0 182 2006
7.67 76.00 80.0 0.0 182 2006
7.67 76.00 90.0 0.0 182 2006
7.67 76.00 100.0 0.0 182 2006
7.67 76.00 115.0 0.0 182 2006
7.67 76.00 135.0 0.0 182 2006
7.67 76.00 160.0 0.0 182 2006
7.67 76.00 190.0 0.0 182 2006
7.67 76.00 230.0 0.0 182 2006
7.67 76.00 280.0 0.0 182 2006
7.67 76.00 340.0 0.0 182 2006
7.67 76.00 410.0 0.0 182 2006
7.67 76.00 490.0 0.0 182 2006
7.75 76.00 10.0 0.0 182 2006
7.75 76.00 20.0 0.0 182 2006
7.75 76.00 30.0 0.0 182 2006
7.75 76.00 40.0 0.0 182 2006
7.75 76.00 50.0 0.0 182 2006
7.75 76.00 60.0 0.0 182 2006
7.75 76.00 70.0 0.0 182 2006
7.75 76.00 80.0 0.0 182 2006
7.75 76.00 90.0 0.0 182 2006
7.75 76.00 100.0 0.0 182 2006
7.75 76.00 115.0 0.0 182 2006
7.75 76.00 135.0 0.0 182 2006
7.75 76.00 160.0 0.0 182 2006
7.75 76.00 190.0 0.0 182 2006
7.75 76.00 230.0 0.0 182 2006
7.75 76.00 280.0 0.0 182 2006
7.75 76.00 340.0 0.0 182 2006
7.75 76.00 410.0 0.0 182 2006
7.75 76.00 490.0 0.0 182 2006
7.83 76.00 10.0 0.0 182 2006
7.83 76.00 20.0 0.0 182 2006
7.83 76.00 30.0 0.0 182 2006
7.83 76.00 40.0 0.0 182 2006
7.83 76.00 50.0 0.0 182 2006
7.83 76.00 60.0 0.0 182 2006
7.83 76.00 70.0 0.0 182 2006
7.83 76.00 80.0 0.0 182 2006
7.83 76.00 90.0 0.0 182 2006
7.83 76.00 100.0 0.0 182 2006
7.83 76.00 115.0 0.0 182 2006
7.83 76.00 135.0 0.0 182 2006
7.83 76.00 160.0 0.0 182 2006
7.83 76.00 190.0 0.0 182 2006
7.83 76.00 230.0 0.0 182 2006
7.83 76.00 280.0 0.0 182 2006
7.83 76.00 340.0 0.0 182 2006
7.83 76.00 410.0 0.0 182 2006
7.83 76.00 490.0 0.0 182 2006
7.92 76.00 10.0 0.0 182 2006
7.92 76.00 20.0 0.0 182 2006
7.92 76.00 30.0 0.0 182 2006
7.92 76.00 40.0 0.0 182 2006
7.92 76.00 50.0 0.0 182 2006
7.92 76.00 60.0 0.0 182 2006
7.92 76.00 70.0 0.0 182 2006
7.92 76.00 80.0 0.0 182 2006
7.92 76.00 90.0 0.0 182 2006
7.92 76.00 100.0 0.0 182 2006
7.92 76.00 115.0 0.0 182 2006
7.92 76.00 135.0 0.0 182 2006
7.92 76.00 160.0 0.0 182 2006
7.92 76.00 190.0 0.0 182 2006
7.92 76.00 230.0 0.0 182 2006
7.92 76.00 280.0 0.0 182 2006
7.92 76.00 340.0 0.0 182 2006
7.92 76.00 410.0 0.0 182 2006
7.92 76.00 490.0 0.0 182 2006
8.00 76.00 10.0 0.0 182 2006
8.00 76.00 20.0 0.0 182 2006
8.00 76.00 30.0 0.0 182 2006
8.00 76.00 40.0 0.0 182 2006
8.00 76.00 50.0 0.0 182 2006
8.00 76.00 60.0 0.0 182 2006
8.00 76.00 70.0 0.0 182 2006
8.00 76.00 80.0 0.0 182 2006
8.00 76.00 90.0 0.0 182 2006
8.00 76.00 100.0 0.0 182 2006
8.00 76.00 115.0 0.0 182 2006
8.00 76.00 135.0 0.0 182 2006
8.00 76.00 160.0 0.0 182 2006
8.00 76.00 190.0 0.0 182 2006
8.00 76.00 230.0 0.0 182 2006
8.00 76.00 280.0 0.0 182 2006
8.00 76.00 340.0 0.0 182 2006
8.00 76.00 410.0 0.0 182 2006
8.00 76.00 490.0 0.0 182 2006
8.08 76.00 10.0 0.0 182 2006
8.08 76.00 20.0 0.0 182 2006
8.08 76.00 30.0 0.0 182 2006
8.08 76.00 40.0 0.0 182 2006
8.08 76.00 50.0 0.0 182 2006
8.08 76.00 60.0 0.0 182 2006
8.08 76.00 70.0 0.0 182 2006
8.08 76.00 80.0 0.0 182 2006
8.08 76.00 90.0 0.0 182 2006
8.08 76.00 100.0 0.0 182 2006
8.08 76.00 115.0 0.0 182 2006
8.08 76.00 135.0 0.0 182 2006
8.08 76.00 160.0 0.0 182 2006
8.08 76.00 190.0 0.0 182 2006
8.08 76.00 230.0 0.0 182 2006
8.08 76.00 280.0 0.0 182 2006
8.08 76.00 340.0 0.0 182 2006
8.08 76.00 410.0 0.0 182 2006
8.08 76.00 490.0 0.0 182 2006
8.17 76.00 10.0 0.0 182 2006
8.17 76.00 20.0 0.0 182 2006
8.17 76.00 30.0 0.0 182 2006
8.17 76.00 40.0 0.0 182 2006
8.17 76.00 50.0 0.0 182 2006
8.17 76.00 60.0 0.0 182 2006
8.17 76.00 70.0 0.0 182 2006
8.17 76.00 80.0 0.0 182 2006
8.17 76.00 90.0 0.0 182 2006
8.17 76.00 100.0 0.0 182 2006
8.17 76.00 115.0 0.0 182 2006
8.17 76.00 135.0 0.0 182 2006
8.17 76.00 160.0 0.0 182 2006
8.17 76.00 190.0 0.0 182 2006
8.17 76.00 230.0 0.0 182 2006
8.17 76.00 280.0 0.0 182 2006
8.17 76.00 340.0 0.0 182 2006
8.17 76.00 410.0 0.0 182 2006
8.17 76.00 490.0 0.0 182 2006
8.25 76.00 10.0 0.0 182 2006
8.25 76.00 20.0 0.0 182 2006
8.25 76.00 30.0 0.0 182 2006
8.25 76.00 40.0 0.0 182 2006
8.25 76.00 50.0 0.0 182 2006
8.25 76.00 60.0 0.0 182 2006
8.25 76.00 70.0 0.0 182 2006
8.25 76.00 80.0 0.0 182 2006
8.25 76.00 90.0 0.0 182 2006
8.25 76.00 100.0 0.0 182 2006
8.25 76.00 115.0 0.0 182 2006
8.25 76.00 135.0 0.0 182 2006
8.25 76.00 160.0 0.0 182 2006
8.25 76.00 190.0 0.0 182 2006
8.25 76.00 230.0 0.0 182 2006
8.25 76.00 280.0 0.0 182 2006
8.25 76.00 340.0 0.0 182 2006
8.25 76.00 410.0 0.0 182 2006
8.25 76.00 490.0 0.0 182 2006
8.33 76.00 10.0 0.0 182 2006
8.33 76.00 20.0 0.0 182 2006
8.33 76.00 30.0 0.0 182 2006
8.33 76.00 40.0 0.0 182 2006
8.33 76.00 50.0 0.0 182 2006
8.33 76.00 60.0 0.0 182 2006
8.33 76.00 70.0 0.0 182 2006
8.33 76.00 80.0 0.0 182 2006
8.33 76.00 90.0 0.0 182 2006
8.33 76.00 100.0 0.0 182 2006
8.33 76.00 115.0 0.0 182 2006
8.33 76.00 135.0 0.0 182 2006
8.33 76.00 160.0 0.0 182 2006
8.33 76.00 190.0 0.0 182 2006
8.33 76.00 230.0 0.0 182 2006
8.33 76.00 280.0 0.0 182 2006
8.33 76.00 340.0 0.0 182 2006
8.33 76.00 410.0 0.0 182 2006
8.33 76.00 490.0 0.0 182 2006
8.42 76.00 10.0 0.0 182 2006
8.42 76.00 20.0 0.0 182 2006
8.42 76.00 30.0 0.0 182 2006
8.42 76.00 40.0 0.0 182 2006
8.42 76.00 50.0 0.0 182 2006
8.42 76.00 60.0 0.0 182 2006
8.42 76.00 70.0 0.0 182 2006
8.42 76.00 80.0 0.0 182 2006
8.42 76.00 90.0 0.0 182 2006
8.42 76.00 100.0 0.0 182 2006
8.42 76.00 115.0 0.0 182 2006
8.42 76.00 135.0 0.0 182 2006
8.42 76.00 160.0 0.0 182 2006
8.42 76.00 190.0 0.0 182 2006
8.42 76.00 230.0 0.0 182 2006
8.42 76.00 280.0 0.0 182 2006
8.42 76.00 340.0 0.0 182 2006
8.42 76.00 410.0 0.0 182 2006
8.42 76.00 490.0 0.0 182 2006
8.50 76.00 10.0 0.0 182 2006
8.50 76.00 20.0 0.0 182 2006
8.50 76.00 30.0 0.0 182 2006
8.50 76.00 40.0 0.0 182 2006
8.50 76.00 50.0 0.0 182 2006
8.50 76.00 60.0 0.0 182 2006
8.50 76.00 70.0 0.0 182 2006
8.50 76.00 80.0 0.0 182 2006
8.50 76.00 90.0 0.0 182 2006
8.50 76.00 100.0 0.0 182 2006
8.50 76.00 115.0 0.0 182 2006
8.50 76.00 135.0 0.0 182 2006
8.50 76.00 160.0 0.0 182 2006
8.50 76.00 190.0 0.0 182 2006
8.50 76.00 230.0 0.0 182 2006
8.50 76.00 280.0 0.0 182 2006
8.50 76.00 340.0 0.0 182 2006
8.50 76.00 410.0 0.0 182 2006
8.50 76.00 490.0 0.0 182 2006
8.58 76.00 10.0 0.0 182 2006
8.58 76.00 20.0 0.0 182 2006
8.58 76.00 30.0 0.0 182 2006
8.58 76.00 40.0 0.0 182 2006
8.58 76.00 50.0 0.0 182 2006
8.58 76.00 60.0 0.0 182 2006
8.58 76.00 70.0 0.0 182 2006
8.58 76.00 80.0 0.0 182 2006
8.58 76.00 90.0 0.0 182 2006
8.58 76.00 100.0 0.0 182 2006
8.58 76.00 115.0 0.0 182 2006
8.58 76.00 135.0 0.0 182 2006
8.58 76.00 160.0 0.0 182 2006
8.58 76.00 190.0 0.0 182 2006
8.58 76.00 230.0 0.0 182 2006
8.58 76.00 280.0 0.0 182 2006
8.58 76.00 340.0 0.0 182 2006
8.58 76.00 410.0 0.0 182 2006
8.58 76.00 490.0 0.0 182 2006
8.67 76.00 10.0 0.0 182 2006
8.67 76.00 20.0 0.0 182 2006
8.67 76.00 30.0 0.0 182 2006
8.67 76.00 40.0 0.0 182 2006
8.67 76.00 50.0 0.0 182 2006
8.67 76.00 60.0 0.0 182 2006
8.67 76.00 70.0 0.0 182 2006
8.67 76.00 80.0 0.0 182 2006
8.67 76.00 90.0 0.0 182 2006
8.67 76.00 100.0 0.0 182 2006
8.67 76.00 115.0 0.0 182 2006
8.67 76.00 135.0 0.0 182 2006
8.67 76.00 160.0 0.0 182 2006
8.67 76.00 190.0 0.0 182 2006
8.67 76.00 230.0 0.0 182 2006
8.67 76.00 280.0 0.0 182 2006
8.67 76.00 340.0 0.0 182 2006
8.67 76.00 410.0 0.0 182 2006
8.67 76.00 490.0 0.0 182 2006
8.75 76.00 10.0 0.0 182 2006
8.75 76.00 20.0 0.0 182 2006
8.75 76.00 30.0 0.0 182 2006
8.75 76.00 40.0 0.0 182 2006
8.75 76.00 50.0 0.0 182 2006
8.75 76.00 60.0 0.0 182 2006
8.75 76.00 70.0 0.0 182 2006
8.75 76.00 80.0 0.0 182 2006
8.75 76.00 90.0 0.0 182 2006
8.75 76.00 100.0 0.0 182 2006
8.75 76.00 115.0 0.0 182 2006
8.75 76.00 135.0 0.0 182 2006
8.75 76.00 160.0 0.0 182 2006
8.75 76.00 190.0 0.0 182 2006
8.75 76.00 230.0 0.0 182 2006
8.75 76.00 280.0 0.0 182 2006
8.75 76.00 340.0 0.0 182 2006
8.75 76.00 410.0 0.0 182 2006
8.75 76.00 490.0 0.0 182 2006
8.83 76.00 10.0 0.0 182 2006
8.83 76.00 20.0 0.0 182 2006
8.83 76.00 30.0 0.0 182 2006
8.83 76.00 40.0 0.0 182 2006
8.83 76.00 50.0 0.0 182 2006
8.83 76.00 60.0 0.0 182 2006
8.83 76.00 70.0 0.0 182 2006
8.83 76.00 80.0 0.0 182 2006
8.83 76.00 90.0 0.0 182 2006
8.83 76.00 100.0 0.0 182 2006
8.83 76.00 115.0 0.0 182 2006
8.83 76.00 135.0 0.0 182 2006
8.83 76.00 160.0 0.0 182 2006
8.83 76.00 190.0 0.0 182 2006
8.83 76.00 230.0 0.0 182 2006
8.83 76.00 280.0 0.0 182 2006
8.83 76.00 340.0 0.0 182 2006
8.83 76.00 410.0 0.0 182 2006
8.83 76.00 490.0 0.0 182 2006
8.92 76.00 10.0 0.0 182 2006
8.92 76.00 20.0 0.0 182 2006
8.92 76.00 30.0 0.0 182 2006
8.92 76.00 40.0 0.0 182 2006
8.92 76.00 50.0 0.0 182 2006
8.92 76.00 60.0 0.0 182 2006
8.92 76.00 70.0 0.0 182 2006
8.92 76.00 80.0 0.0 182 2006
8.92 76.00 90.0 0.0 182 2006
8.92 76.00 100.0 0.0 182 2006
8.92 76.00 115.0 0.0 182 2006
8.92 76.00 135.0 0.0 182 2006
8.92 76.00 160.0 0.0 182 2006
8.92 76.00 190.0 0.0 182 2006
8.92 76.00 230.0 0.0 182 2006
8.92 76.00 280.0 0.0 182 2006
8.92 76.00 340.0 0.0 182 2006
8.92 76.00 410.0 0.0 182 2006
8.92 76.00 490.0 0.0 182 2006
9.00 76.00 10.0 0.0 182 2006
9.00 76.00 20.0 0.0 182 2006
9.00 76.00 30.0 0.0 182 2006
9.00 76.00 40.0 0.0 182 2006
9.00 76.00 50.0 0.0 182 2006
9.00 76.00 60.0 0.0 182 2006
9.00 76.00 70.0 0.0 182 2006
9.00 76.00 80.0 0.0 182 2006
9.00 76.00 90.0 0.0 182 2006
9.00 76.00 100.0 0.0 182 2006
9.00 76.00 115.0 0.0 182 2006
9.00 76.00 135.0 0.0 182 2006
9.00 76.00 160.0 0.0 182 2006
9.00 76.00 190.0 0.0 182 2006
9.00 76.00 230.0 0.0 182 2006
9.00 76.00 280.0 0.0 182 2006
9.00 76.00 340.0 0.0 182 2006
9.00 76.00 410.0 0.0 182 2006
9.00 76.00 490.0 0.0 182 2006
9.08 76.00 10.0 0.0 182 2006
9.08 76.00 20.0 0.0 182 2006
9.08 76.00 30.0 0.0 182 2006
9.08 76.00 40.0 0.0 182 2006
9.08 76.00 50.0 0.0 182 2006
9.08 76.00 60.0 0.0 182 2006
9.08 76.00 70.0 0.0 182 2006
9.08 76.00 80.0 0.0 182 2006
9.08 76.00 90.0 0.0 182 2006
9.08 76.00 100.0 0.0 182 2006
9.08 76.00 115.0 0.0 182 2006
9.08 76.00 135.0 0.0 182 2006
9.08 76.00 160.0 0.0 182 2006
9.08 76.00 190.0 0.0 182 2006
9.08 76.00 230.0 0.0 182 2006
9.08 76.00 280.0 0.0 182 2006
9.08 76.00 340.0 0.0 182 2006
9.08 76.00 410.0 0.0 182 2006
9.08 76.00 490.0 0.0 182 2006
9.17 76.00 10.0 0.0 182 2006
9.17 76.00 20.0 0.0 182 2006
9.17 76.00 30.0 0.0 182 2006
9.17 76.00 40.0 0.0 182 2006
9.17 76.00 50.0 0.0 182 2006
9.17 76.00 60.0 0.0 182 2006
9.17 76.00 70.0 0.0 182 2006
9.17 76.00 80.0 0.0 182 2006
9.17 76.00 90.0 0.0 182 2006
9.17 76.00 100.0 0.0 182 2006
9.17 76.00 115.0 0.0 182 2006
9.17 76.00 135.0 0.0 182 2006
9.17 76.00 160.0 0.0 182 2006
9.17 76.00 190.0 0.0 182 2006
9.17 76.00 230.0 0.0 182 2006
9.17 76.00 280.0 0.0 182 2006
9.17 76.00 340.0 0.0 182 2006
9.17 76.00 410.0 0.0 182 2006
9.17 76.00 490.0 0.0 182 2006
9.25 76.00 10.0 0.0 182 2006
9.25 76.00 20.0 0.0 182 2006
9.25 76.00 30.0 0.0 182 2006
9.25 76.00 40.0 0.0 182 2006
9.25 76.00 50.0 0.0 182 2006
9.25 76.00 60.0 0.0 182 2006
9.25 76.00 70.0 0.0 182 2006
9.25 76.00 80.0 0.0 182 2006
9.25 76.00 90.0 0.0 182 2006
9.25 76.00 100.0 0.0 182 2006
9.25 76.00 115.0 0.0 182 2006
9.25 76.00 135.0 0.0 182 2006
9.25 76.00 160.0 0.0 182 2006
9.25 76.00 190.0 0.0 182 2006
9.25 76.00 230.0 0.0 182 2006
9.25 76.00 280.0 0.0 182 2006
9.25 76.00 340.0 0.0 182 2006
9.25 76.00 410.0 0.0 182 2006
9.25 76.00 490.0 0.0 182 2006
9.33 76.00 10.0 0.0 182 2006
9.33 76.00 20.0 0.0 182 2006
9.33 76.00 30.0 0.0 182 2006
9.33 76.00 40.0 0.0 182 2006
9.33 76.00 50.0 0.0 182 2006
9.33 76.00 60.0 0.0 182 2006
9.33 76.00 70.0 0.0 182 2006
9.33 76.00 80.0 0.0 182 2006
9.33 76.00 90.0 0.0 182 2006
9.33 76.00 100.0 0.0 182 2006
9.33 76.00 115.0 0.0 182 2006
9.33 76.00 135.0 0.0 182 2006
9.33 76.00 160.0 0.0 182 2006
9.33 76.00 190.0 0.0 182 2006
9.33 76.00 230.0 0.0 182 2006
9.33 76.00 280.0 0.0 182 2006
9.33 76.00 340.0 0.0 182 2006
9.33 76.00 410.0 0.0 182 2006
9.33 76.00 490.0 0.0 182 2006
9.42 76.00 10.0 0.0 182 2006
9.42 76.00 20.0 0.0 182 2006
9.42 76.00 30.0 0.0 182 2006
9.42 76.00 40.0 0.0 182 2006
9.42 76.00 50.0 0.0 182 2006
9.42 76.00 60.0 0.0 182 2006
9.42 76.00 70.0 0.0 182 2006
9.42 76.00 80.0 0.0 182 2006
9.42 76.00 90.0 0.0 182 2006
9.42 76.00 100.0 0.0 182 2006
9.42 76.00 115.0 0.0 182 2006
9.42 76.00 135.0 0.0 182 2006
9.42 76.00 160.0 0.0 182 2006
9.42 76.00 190.0 0.0 182 2006
9.42 76.00 230.0 0.0 182 2006
9.42 76.00 280.0 0.0 182 2006
9.42 76.00 340.0 0.0 182 2006
9.42 76.00 410.0 0.0 182 2006
9.42 76.00 490.0 0.0 182 2006
9.50 76.00 10.0 0.0 182 2006
9.50 76.00 20.0 0.0 182 2006
9.50 76.00 30.0 0.0 182 2006
9.50 76.00 40.0 0.0 182 2006
9.50 76.00 50.0 0.0 182 2006
9.50 76.00 60.0 0.0 182 2006
9.50 76.00 70.0 0.0 182 2006
9.50 76.00 80.0 0.0 182 2006
9.50 76.00 90.0 0.0 182 2006
9.50 76.00 100.0 0.0 182 2006
9.50 76.00 115.0 0.0 182 2006
9.50 76.00 135.0 0.0 182 2006
9.50 76.00 160.0 0.0 182 2006
9.50 76.00 190.0 0.0 182 2006
9.50 76.00 230.0 0.0 182 2006
9.50 76.00 280.0 0.0 182 2006
9.50 76.00 340.0 0.0 182 2006
9.50 76.00 410.0 0.0 182 2006
9.50 76.00 490.0 0.0 182 2006
9.58 76.00 10.0 0.0 182 2006
9.58 76.00 20.0 0.0 182 2006
9.58 76.00 30.0 0.0 182 2006
9.58 76.00 40.0 0.0 182 2006
9.58 76.00 50.0 0.0 182 2006
9.58 76.00 60.0 0.0 182 2006
9.58 76.00 70.0 0.0 182 2006
9.58 76.00 80.0 0.0 182 2006
9.58 76.00 90.0 0.0 182 2006
9.58 76.00 100.0 0.0 182 2006
9.58 76.00 115.0 0.0 182 2006
9.58 76.00 135.0 0.0 182 2006
9.58 76.00 160.0 0.0 182 2006
9.58 76.00 190.0 0.0 182 2006
9.58 76.00 230.0 0.0 182 2006
9.58 76.00 280.0 0.0 182 2006
9.58 76.00 340.0 0.0 182 2006
9.58 76.00 410.0 0.0 182 2006
9.58 76.00 490.0 0.0 182 2006
9.67 76.00 10.0 0.0 182 2006
9.67 76.00 20.0 0.0 182 2006
9.67 76.00 30.0 0.0 182 2006
9.67 76.00 40.0 0.0 182 2006
9.67 76.00 50.0 0.0 182 2006
9.67 76.00 60.0 0.0 182 2006
9.67 76.00 70.0 0.0 182 2006
9.67 76.00 80.0 0.0 182 2006
9.67 76.00 90.0 0.0 182 2006
9.67 76.00 100.0 0.0 182 2006
9.67 76.00 115.0 0.0 182 2006
9.67 76.00 135.0 0.0 182 2006
9.67 76.00 160.0 0.0 182 2006
9.67 76.00 190.0 0.0 182 2006
9.67 76.00 230.0 0.0 182 2006
9.67 76.00 280.0 0.0 182 2006
9.67 76.00 340.0 0.0 182 2006
9.67 76.00 410.0 0.0 182 2006
9.67 76.00 490.0 0.0 182 2006
9.67 76.00 580.0 0.0 182 2006
9.75 76.00 10.0 0.0 182 2006
9.75 76.00 20.0 0.0 182 2006
9.75 76.00 30.0 0.0 182 2006
9.75 76.00 40.0 0.0 182 2006
9.75 76.00 50.0 0.0 182 2006
9.75 76.00 60.0 0.0 182 2006
9.75 76.00 70.0 0.0 182 2006
9.75 76.00 80.0 0.0 182 2006
9.75 76.00 90.0 0.0 182 2006
9.75 76.00 100.0 0.0 182 2006
9.75 76.00 115.0 0.0 182 2006
9.75 76.00 135.0 0.0 182 2006
9.75 76.00 160.0 0.0 182 2006
9.75 76.00 190.0 0.0 182 2006
9.75 76.00 230.0 0.0 182 2006
9.75 76.00 280.0 0.0 182 2006
9.75 76.00 340.0 0.0 182 2006
9.75 76.00 410.0 0.0 182 2006
9.75 76.00 490.0 0.0 182 2006
9.75 76.00 580.0 0.0 182 2006
9.83 76.00 10.0 0.0 182 2006
9.83 76.00 20.0 0.0 182 2006
9.83 76.00 30.0 0.0 182 2006
9.83 76.00 40.0 0.0 182 2006
9.83 76.00 50.0 0.0 182 2006
9.83 76.00 60.0 0.0 182 2006
9.83 76.00 70.0 0.0 182 2006
9.83 76.00 80.0 0.0 182 2006
9.83 76.00 90.0 0.0 182 2006
9.83 76.00 100.0 0.0 182 2006
9.83 76.00 115.0 0.0 182 2006
9.83 76.00 135.0 0.0 182 2006
9.83 76.00 160.0 0.0 182 2006
9.83 76.00 190.0 0.0 182 2006
9.83 76.00 230.0 0.0 182 2006
9.83 76.00 280.0 0.0 182 2006
9.83 76.00 340.0 0.0 182 2006
9.83 76.00 410.0 0.0 182 2006
9.83 76.00 490.0 0.0 182 2006
9.83 76.00 580.0 0.0 182 2006
9.92 76.00 10.0 0.0 182 2006
9.92 76.00 20.0 0.0 182 2006
9.92 76.00 30.0 0.0 182 2006
9.92 76.00 40.0 0.0 182 2006
9.92 76.00 50.0 0.0 182 2006
9.92 76.00 60.0 0.0 182 2006
9.92 76.00 70.0 0.0 182 2006
9.92 76.00 80.0 0.0 182 2006
9.92 76.00 90.0 0.0 182 2006
9.92 76.00 100.0 0.0 182 2006
9.92 76.00 115.0 0.0 182 2006
9.92 76.00 135.0 0.0 182 2006
9.92 76.00 160.0 0.0 182 2006
9.92 76.00 190.0 0.0 182 2006
9.92 76.00 230.0 0.0 182 2006
9.92 76.00 280.0 0.0 182 2006
9.92 76.00 340.0 0.0 182 2006
9.92 76.00 410.0 0.0 182 2006
9.92 76.00 490.0 0.0 182 2006
9.92 76.00 580.0 0.0 182 2006
10.00 76.00 10.0 0.0 182 2006
10.00 76.00 20.0 0.0 182 2006
10.00 76.00 30.0 0.0 182 2006
10.00 76.00 40.0 0.0 182 2006
10.00 76.00 50.0 0.0 182 2006
10.00 76.00 60.0 0.0 182 2006
10.00 76.00 70.0 0.0 182 2006
10.00 76.00 80.0 0.0 182 2006
10.00 76.00 90.0 0.0 182 2006
10.00 76.00 100.0 0.0 182 2006
10.00 76.00 115.0 0.0 182 2006
10.00 76.00 135.0 0.0 182 2006
10.00 76.00 160.0 0.0 182 2006
10.00 76.00 190.0 0.0 182 2006
10.00 76.00 230.0 0.0 182 2006
10.00 76.00 280.0 0.0 182 2006
10.00 76.00 340.0 0.0 182 2006
10.00 76.00 410.0 0.0 182 2006
10.00 76.00 490.0 0.0 182 2006
10.00 76.00 580.0 0.0 182 2006
10.08 76.00 10.0 0.0 182 2006
10.08 76.00 20.0 0.0 182 2006
10.08 76.00 30.0 0.0 182 2006
10.08 76.00 40.0 0.0 182 2006
10.08 76.00 50.0 0.0 182 2006
10.08 76.00 60.0 0.0 182 2006
10.08 76.00 70.0 0.0 182 2006
10.08 76.00 80.0 0.0 182 2006
10.08 76.00 90.0 0.0 182 2006
10.08 76.00 100.0 0.0 182 2006
10.08 76.00 115.0 0.0 182 2006
10.08 76.00 135.0 0.0 182 2006
10.08 76.00 160.0 0.0 182 2006
10.08 76.00 190.0 0.0 182 2006
10.08 76.00 230.0 0.0 182 2006
10.08 76.00 280.0 0.0 182 2006
10.08 76.00 340.0 0.0 182 2006
10.08 76.00 410.0 0.0 182 2006
10.08 76.00 490.0 0.0 182 2006
10.08 76.00 580.0 0.0 182 2006
10.17 76.00 10.0 0.0 182 2006
10.17 76.00 20.0 0.0 182 2006
10.17 76.00 30.0 0.0 182 2006
10.17 76.00 40.0 0.0 182 2006
10.17 76.00 50.0 0.0 182 2006
10.17 76.00 60.0 0.0 182 2006
10.17 76.00 70.0 0.0 182 2006
10.17 76.00 80.0 0.0 182 2006
10.17 76.00 90.0 0.0 182 2006
10.17 76.00 100.0 0.0 182 2006
10.17 76.00 115.0 0.0 182 2006
10.17 76.00 135.0 0.0 182 2006
10.17 76.00 160.0 0.0 182 2006
10.17 76.00 190.0 0.0 182 2006
10.17 76.00 230.0 0.0 182 2006
10.17 76.00 280.0 0.0 182 2006
10.17 76.00 340.0 0.0 182 2006
10.17 76.00 410.0 0.0 182 2006
10.17 76.00 490.0 0.0 182 2006
10.17 76.00 580.0 0.0 182 2006
10.25 76.00 10.0 0.0 182 2006
10.25 76.00 20.0 0.0 182 2006
10.25 76.00 30.0 0.0 182 2006
10.25 76.00 40.0 0.0 182 2006
10.25 76.00 50.0 0.0 182 2006
10.25 76.00 60.0 0.0 182 2006
10.25 76.00 70.0 0.0 182 2006
10.25 76.00 80.0 0.0 182 2006
10.25 76.00 90.0 0.0 182 2006
10.25 76.00 100.0 0.0 182 2006
10.25 76.00 115.0 0.0 182 2006
10.25 76.00 135.0 0.0 182 2006
10.25 76.00 160.0 0.0 182 2006
10.25 76.00 190.0 0.0 182 2006
10.25 76.00 230.0 0.0 182 2006
10.25 76.00 280.0 0.0 182 2006
10.25 76.00 340.0 0.0 182 2006
10.25 76.00 410.0 0.0 182 2006
10.25 76.00 490.0 0.0 182 2006
10.25 76.00 580.0 0.0 182 2006
10.33 76.00 10.0 0.0 182 2006
10.33 76.00 20.0 0.0 182 2006
10.33 76.00 30.0 0.0 182 2006
10.33 76.00 40.0 0.0 182 2006
10.33 76.00 50.0 0.0 182 2006
10.33 76.00 60.0 0.0 182 2006
10.33 76.00 70.0 0.0 182 2006
10.33 76.00 80.0 0.0 182 2006
10.33 76.00 90.0 0.0 182 2006
10.33 76.00 100.0 0.0 182 2006
10.33 76.00 115.0 0.0 182 2006
10.33 76.00 135.0 0.0 182 2006
10.33 76.00 160.0 0.0 182 2006
10.33 76.00 190.0 0.0 182 2006
10.33 76.00 230.0 0.0 182 2006
10.33 76.00 280.0 0.0 182 2006
10.33 76.00 340.0 0.0 182 2006
10.33 76.00 410.0 0.0 182 2006
10.33 76.00 490.0 0.0 182 2006
10.42 76.00 10.0 0.0 182 2006
10.42 76.00 20.0 0.0 182 2006
10.42 76.00 30.0 0.0 182 2006
10.42 76.00 40.0 0.0 182 2006
10.42 76.00 50.0 0.0 182 2006
10.42 76.00 60.0 0.0 182 2006
10.42 76.00 70.0 0.0 182 2006
10.42 76.00 80.0 0.0 182 2006
10.42 76.00 90.0 0.0 182 2006
10.42 76.00 100.0 0.0 182 2006
10.42 76.00 115.0 0.0 182 2006
10.42 76.00 135.0 0.0 182 2006
10.42 76.00 160.0 0.0 182 2006
10.42 76.00 190.0 0.0 182 2006
10.42 76.00 230.0 0.0 182 2006
10.42 76.00 280.0 0.0 182 2006
10.42 76.00 340.0 0.0 182 2006
10.42 76.00 410.0 0.0 182 2006
10.42 76.00 490.0 0.0 182 2006
10.50 76.00 10.0 0.0 182 2006
10.50 76.00 20.0 0.0 182 2006
10.50 76.00 30.0 0.0 182 2006
10.50 76.00 40.0 0.0 182 2006
10.50 76.00 50.0 0.0 182 2006
10.50 76.00 60.0 0.0 182 2006
10.50 76.00 70.0 0.0 182 2006
10.50 76.00 80.0 0.0 182 2006
10.50 76.00 90.0 0.0 182 2006
10.50 76.00 100.0 0.0 182 2006
10.50 76.00 115.0 0.0 182 2006
10.50 76.00 135.0 0.0 182 2006
10.50 76.00 160.0 0.0 182 2006
10.50 76.00 190.0 0.0 182 2006
10.50 76.00 230.0 0.0 182 2006
10.50 76.00 280.0 0.0 182 2006
10.50 76.00 340.0 0.0 182 2006
10.50 76.00 410.0 0.0 182 2006
10.50 76.00 490.0 0.0 182 2006
10.58 76.00 10.0 0.0 182 2006
10.58 76.00 20.0 0.0 182 2006
10.58 76.00 30.0 0.0 182 2006
10.58 76.00 40.0 0.0 182 2006
10.58 76.00 50.0 0.0 182 2006
10.58 76.00 60.0 0.0 182 2006
10.58 76.00 70.0 0.0 182 2006
10.58 76.00 80.0 0.0 182 2006
10.58 76.00 90.0 0.0 182 2006
10.58 76.00 100.0 0.0 182 2006
10.58 76.00 115.0 0.0 182 2006
10.58 76.00 135.0 0.0 182 2006
10.58 76.00 160.0 0.0 182 2006
10.58 76.00 190.0 0.0 182 2006
10.58 76.00 230.0 0.0 182 2006
10.58 76.00 280.0 0.0 182 2006
10.58 76.00 340.0 0.0 182 2006
10.58 76.00 410.0 0.0 182 2006
10.58 76.00 490.0 0.0 182 2006
10.67 76.00 10.0 0.0 182 2006
10.67 76.00 20.0 0.0 182 2006
10.67 76.00 30.0 0.0 182 2006
10.67 76.00 40.0 0.0 182 2006
10.67 76.00 50.0 0.0 182 2006
10.67 76.00 60.0 0.0 182 2006
10.67 76.00 70.0 0.0 182 2006
10.67 76.00 80.0 0.0 182 2006
10.67 76.00 90.0 0.0 182 2006
10.67 76.00 100.0 0.0 182 2006
10.67 76.00 115.0 0.0 182 2006
10.67 76.00 135.0 0.0 182 2006
10.67 76.00 160.0 0.0 182 2006
10.67 76.00 190.0 0.0 182 2006
10.67 76.00 230.0 0.0 182 2006
10.67 76.00 280.0 0.0 182 2006
10.67 76.00 340.0 0.0 182 2006
10.67 76.00 410.0 0.0 182 2006
10.67 76.00 490.0 0.0 182 2006
10.75 76.00 10.0 0.0 182 2006
10.75 76.00 20.0 0.0 182 2006
10.75 76.00 30.0 0.0 182 2006
10.75 76.00 40.0 0.0 182 2006
10.75 76.00 50.0 0.0 182 2006
10.75 76.00 60.0 0.0 182 2006
10.75 76.00 70.0 0.0 182 2006
10.75 76.00 80.0 0.0 182 2006
10.75 76.00 90.0 0.0 182 2006
10.75 76.00 100.0 0.0 182 2006
10.75 76.00 115.0 0.0 182 2006
10.75 76.00 135.0 0.0 182 2006
10.75 76.00 160.0 0.0 182 2006
10.75 76.00 190.0 0.0 182 2006
10.75 76.00 230.0 0.0 182 2006
10.75 76.00 280.0 0.0 182 2006
10.75 76.00 340.0 0.0 182 2006
10.75 76.00 410.0 0.0 182 2006
10.75 76.00 490.0 0.0 182 2006
10.83 76.00 10.0 0.0 182 2006
10.83 76.00 20.0 0.0 182 2006
10.83 76.00 30.0 0.0 182 2006
10.83 76.00 40.0 0.0 182 2006
10.83 76.00 50.0 0.0 182 2006
10.83 76.00 60.0 0.0 182 2006
10.83 76.00 70.0 0.0 182 2006
10.83 76.00 80.0 0.0 182 2006
10.83 76.00 90.0 0.0 182 2006
10.83 76.00 100.0 0.0 182 2006
10.83 76.00 115.0 0.0 182 2006
10.83 76.00 135.0 0.0 182 2006
10.83 76.00 160.0 0.0 182 2006
10.83 76.00 190.0 0.0 182 2006
10.83 76.00 230.0 0.0 182 2006
10.83 76.00 280.0 0.0 182 2006
10.83 76.00 340.0 0.0 182 2006
10.83 76.00 410.0 0.0 182 2006
10.83 76.00 490.0 0.0 182 2006
10.92 76.00 10.0 0.0 182 2006
10.92 76.00 20.0 0.0 182 2006
10.92 76.00 30.0 0.0 182 2006
10.92 76.00 40.0 0.0 182 2006
10.92 76.00 50.0 0.0 182 2006
10.92 76.00 60.0 0.0 182 2006
10.92 76.00 70.0 0.0 182 2006
10.92 76.00 80.0 0.0 182 2006
10.92 76.00 90.0 0.0 182 2006
10.92 76.00 100.0 0.0 182 2006
10.92 76.00 115.0 0.0 182 2006
10.92 76.00 135.0 0.0 182 2006
10.92 76.00 160.0 0.0 182 2006
10.92 76.00 190.0 0.0 182 2006
10.92 76.00 230.0 0.0 182 2006
10.92 76.00 280.0 0.0 182 2006
10.92 76.00 340.0 0.0 182 2006
10.92 76.00 410.0 0.0 182 2006
10.92 76.00 490.0 0.0 182 2006
10.92 76.00 580.0 0.0 182 2006
11.00 76.00 10.0 0.0 182 2006
11.00 76.00 20.0 0.0 182 2006
11.00 76.00 30.0 0.0 182 2006
11.00 76.00 40.0 0.0 182 2006
11.00 76.00 50.0 0.0 182 2006
11.00 76.00 60.0 0.0 182 2006
11.00 76.00 70.0 0.0 182 2006
11.00 76.00 80.0 0.0 182 2006
11.00 76.00 90.0 0.0 182 2006
11.00 76.00 100.0 0.0 182 2006
11.00 76.00 115.0 0.0 182 2006
11.00 76.00 135.0 0.0 182 2006
11.00 76.00 160.0 0.0 182 2006
11.00 76.00 190.0 0.0 182 2006
11.00 76.00 230.0 0.0 182 2006
11.00 76.00 280.0 0.0 182 2006
11.00 76.00 340.0 0.0 182 2006
11.00 76.00 410.0 0.0 182 2006
11.00 76.00 490.0 0.0 182 2006
11.00 76.00 580.0 0.0 182 2006
11.08 76.00 10.0 0.0 182 2006
11.08 76.00 20.0 0.0 182 2006
11.08 76.00 30.0 0.0 182 2006
11.08 76.00 40.0 0.0 182 2006
11.08 76.00 50.0 0.0 182 2006
11.08 76.00 60.0 0.0 182 2006
11.08 76.00 70.0 0.0 182 2006
11.08 76.00 80.0 0.0 182 2006
11.08 76.00 90.0 0.0 182 2006
11.08 76.00 100.0 0.0 182 2006
11.08 76.00 115.0 0.0 182 2006
11.08 76.00 135.0 0.0 182 2006
11.08 76.00 160.0 0.0 182 2006
11.08 76.00 190.0 0.0 182 2006
11.08 76.00 230.0 0.0 182 2006
11.08 76.00 280.0 0.0 182 2006
11.08 76.00 340.0 0.0 182 2006
11.08 76.00 410.0 0.0 182 2006
11.08 76.00 490.0 0.0 182 2006
11.08 76.00 580.0 0.0 182 2006
11.17 76.00 10.0 0.0 182 2006
11.17 76.00 20.0 0.0 182 2006
11.17 76.00 30.0 0.0 182 2006
11.17 76.00 40.0 0.0 182 2006
11.17 76.00 50.0 0.0 182 2006
11.17 76.00 60.0 0.0 182 2006
11.17 76.00 70.0 0.0 182 2006
11.17 76.00 80.0 0.0 182 2006
11.17 76.00 90.0 0.0 182 2006
11.17 76.00 100.0 0.0 182 2006
11.17 76.00 115.0 0.0 182 2006
11.17 76.00 135.0 0.0 182 2006
11.17 76.00 160.0 0.0 182 2006
11.17 76.00 190.0 0.0 182 2006
11.17 76.00 230.0 0.0 182 2006
11.17 76.00 280.0 0.0 182 2006
11.17 76.00 340.0 0.0 182 2006
11.17 76.00 410.0 0.0 182 2006
11.17 76.00 490.0 0.0 182 2006
11.17 76.00 580.0 0.0 182 2006
11.25 76.00 10.0 0.0 182 2006
11.25 76.00 20.0 0.0 182 2006
11.25 76.00 30.0 0.0 182 2006
11.25 76.00 40.0 0.0 182 2006
11.25 76.00 50.0 0.0 182 2006
11.25 76.00 60.0 0.0 182 2006
11.25 76.00 70.0 0.0 182 2006
11.25 76.00 80.0 0.0 182 2006
11.25 76.00 90.0 0.0 182 2006
11.25 76.00 100.0 0.0 182 2006
11.25 76.00 115.0 0.0 182 2006
11.25 76.00 135.0 0.0 182 2006
11.25 76.00 160.0 0.0 182 2006
11.25 76.00 190.0 0.0 182 2006
11.25 76.00 230.0 0.0 182 2006
11.25 76.00 280.0 0.0 182 2006
11.25 76.00 340.0 0.0 182 2006
11.25 76.00 410.0 0.0 182 2006
11.25 76.00 490.0 0.0 182 2006
11.25 76.00 580.0 0.0 182 2006
11.33 76.00 10.0 0.0 182 2006
11.33 76.00 20.0 0.0 182 2006
11.33 76.00 30.0 0.0 182 2006
11.33 76.00 40.0 0.0 182 2006
11.33 76.00 50.0 0.0 182 2006
11.33 76.00 60.0 0.0 182 2006
11.33 76.00 70.0 0.0 182 2006
11.33 76.00 80.0 0.0 182 2006
11.33 76.00 90.0 0.0 182 2006
11.33 76.00 100.0 0.0 182 2006
11.33 76.00 115.0 0.0 182 2006
11.33 76.00 135.0 0.0 182 2006
11.33 76.00 160.0 0.0 182 2006
11.33 76.00 190.0 0.0 182 2006
11.33 76.00 230.0 0.0 182 2006
11.33 76.00 280.0 0.0 182 2006
11.33 76.00 340.0 0.0 182 2006
11.33 76.00 410.0 0.0 182 2006
11.33 76.00 490.0 0.0 182 2006
11.33 76.00 580.0 0.0 182 2006
11.42 76.00 10.0 0.0 182 2006
11.42 76.00 20.0 0.0 182 2006
11.42 76.00 30.0 0.0 182 2006
11.42 76.00 40.0 0.0 182 2006
11.42 76.00 50.0 0.0 182 2006
11.42 76.00 60.0 0.0 182 2006
11.42 76.00 70.0 0.0 182 2006
11.42 76.00 80.0 0.0 182 2006
11.42 76.00 90.0 0.0 182 2006
11.42 76.00 100.0 0.0 182 2006
11.42 76.00 115.0 0.0 182 2006
11.42 76.00 135.0 0.0 182 2006
11.42 76.00 160.0 0.0 182 2006
11.42 76.00 190.0 0.0 182 2006
11.42 76.00 230.0 0.0 182 2006
11.42 76.00 280.0 0.0 182 2006
11.42 76.00 340.0 0.0 182 2006
11.42 76.00 410.0 0.0 182 2006
11.42 76.00 490.0 0.0 182 2006
11.42 76.00 580.0 0.0 182 2006
11.50 76.00 10.0 0.0 182 2006
11.50 76.00 20.0 0.0 182 2006
11.50 76.00 30.0 0.0 182 2006
11.50 76.00 40.0 0.0 182 2006
11.50 76.00 50.0 0.0 182 2006
11.50 76.00 60.0 0.0 182 2006
11.50 76.00 70.0 0.0 182 2006
11.50 76.00 80.0 0.0 182 2006
11.50 76.00 90.0 0.0 182 2006
11.50 76.00 100.0 0.0 182 2006
11.50 76.00 115.0 0.0 182 2006
11.50 76.00 135.0 0.0 182 2006
11.50 76.00 160.0 0.0 182 2006
11.50 76.00 190.0 0.0 182 2006
11.50 76.00 230.0 0.0 182 2006
11.50 76.00 280.0 0.0 182 2006
11.50 76.00 340.0 0.0 182 2006
11.50 76.00 410.0 0.0 182 2006
11.50 76.00 490.0 0.0 182 2006
11.50 76.00 580.0 0.0 182 2006
11.58 76.00 10.0 0.0 182 2006
11.58 76.00 20.0 0.0 182 2006
11.58 76.00 30.0 0.0 182 2006
11.58 76.00 40.0 0.0 182 2006
11.58 76.00 50.0 0.0 182 2006
11.58 76.00 60.0 0.0 182 2006
11.58 76.00 70.0 0.0 182 2006
11.58 76.00 80.0 0.0 182 2006
11.58 76.00 90.0 0.0 182 2006
11.58 76.00 100.0 0.0 182 2006
11.58 76.00 115.0 0.0 182 2006
11.58 76.00 135.0 0.0 182 2006
11.58 76.00 160.0 0.0 182 2006
11.58 76.00 190.0 0.0 182 2006
11.58 76.00 230.0 0.0 182 2006
11.58 76.00 280.0 0.0 182 2006
11.58 76.00 340.0 0.0 182 2006
11.58 76.00 410.0 0.0 182 2006
11.58 76.00 490.0 0.0 182 2006
11.58 76.00 580.0 0.0 182 2006
11.67 76.00 10.0 0.0 182 2006
11.67 76.00 20.0 0.0 182 2006
11.67 76.00 30.0 0.0 182 2006
11.67 76.00 40.0 0.0 182 2006
11.67 76.00 50.0 0.0 182 2006
11.67 76.00 60.0 0.0 182 2006
11.67 76.00 70.0 0.0 182 2006
11.67 76.00 80.0 0.0 182 2006
11.67 76.00 90.0 0.0 182 2006
11.67 76.00 100.0 0.0 182 2006
11.67 76.00 115.0 0.0 182 2006
11.67 76.00 135.0 0.0 182 2006
11.67 76.00 160.0 0.0 182 2006
11.67 76.00 190.0 0.0 182 2006
11.67 76.00 230.0 0.0 182 2006
11.67 76.00 280.0 0.0 182 2006
11.67 76.00 340.0 0.0 182 2006
11.67 76.00 410.0 0.0 182 2006
11.67 76.00 490.0 0.0 182 2006
11.67 76.00 580.0 0.0 182 2006
11.75 76.00 10.0 0.0 182 2006
11.75 76.00 20.0 0.0 182 2006
11.75 76.00 30.0 0.0 182 2006
11.75 76.00 40.0 0.0 182 2006
11.75 76.00 50.0 0.0 182 2006
11.75 76.00 60.0 0.0 182 2006
11.75 76.00 70.0 0.0 182 2006
11.75 76.00 80.0 0.0 182 2006
11.75 76.00 90.0 0.0 182 2006
11.75 76.00 100.0 0.0 182 2006
11.75 76.00 115.0 0.0 182 2006
11.75 76.00 135.0 0.0 182 2006
11.75 76.00 160.0 0.0 182 2006
11.75 76.00 190.0 0.0 182 2006
11.75 76.00 230.0 0.0 182 2006
11.75 76.00 280.0 0.0 182 2006
11.75 76.00 340.0 0.0 182 2006
11.75 76.00 410.0 0.0 182 2006
11.75 76.00 490.0 0.0 182 2006
11.75 76.00 580.0 0.0 182 2006
11.83 76.00 10.0 0.0 182 2006
11.83 76.00 20.0 0.0 182 2006
11.83 76.00 30.0 0.0 182 2006
11.83 76.00 40.0 0.0 182 2006
11.83 76.00 50.0 0.0 182 2006
11.83 76.00 60.0 0.0 182 2006
11.83 76.00 70.0 0.0 182 2006
11.83 76.00 80.0 0.0 182 2006
11.83 76.00 90.0 0.0 182 2006
11.83 76.00 100.0 0.0 182 2006
11.83 76.00 115.0 0.0 182 2006
11.83 76.00 135.0 0.0 182 2006
11.83 76.00 160.0 0.0 182 2006
11.83 76.00 190.0 0.0 182 2006
11.83 76.00 230.0 0.0 182 2006
11.83 76.00 280.0 0.0 182 2006
11.83 76.00 340.0 0.0 182 2006
11.83 76.00 410.0 0.0 182 2006
11.83 76.00 490.0 0.0 182 2006
11.83 76.00 580.0 0.0 182 2006
11.92 76.00 10.0 0.0 182 2006
11.92 76.00 20.0 0.0 182 2006
11.92 76.00 30.0 0.0 182 2006
11.92 76.00 40.0 0.0 182 2006
11.92 76.00 50.0 0.0 182 2006
11.92 76.00 60.0 0.0 182 2006
11.92 76.00 70.0 0.0 182 2006
11.92 76.00 80.0 0.0 182 2006
11.92 76.00 90.0 0.0 182 2006
11.92 76.00 100.0 0.0 182 2006
11.92 76.00 115.0 0.0 182 2006
11.92 76.00 135.0 0.0 182 2006
11.92 76.00 160.0 0.0 182 2006
11.92 76.00 190.0 0.0 182 2006
11.92 76.00 230.0 0.0 182 2006
11.92 76.00 280.0 0.0 182 2006
11.92 76.00 340.0 0.0 182 2006
11.92 76.00 410.0 0.0 182 2006
11.92 76.00 490.0 0.0 182 2006
12.00 76.00 10.0 0.0 182 2006
12.00 76.00 20.0 0.0 182 2006
12.00 76.00 30.0 0.0 182 2006
12.00 76.00 40.0 0.0 182 2006
12.00 76.00 50.0 0.0 182 2006
12.00 76.00 60.0 0.0 182 2006
12.00 76.00 70.0 0.0 182 2006
12.00 76.00 80.0 0.0 182 2006
12.00 76.00 90.0 0.0 182 2006
12.00 76.00 100.0 0.0 182 2006
12.00 76.00 115.0 0.0 182 2006
12.00 76.00 135.0 0.0 182 2006
12.00 76.00 160.0 0.0 182 2006
12.00 76.00 190.0 0.0 182 2006
12.00 76.00 230.0 0.0 182 2006
12.00 76.00 280.0 0.0 182 2006
12.00 76.00 340.0 0.0 182 2006
12.00 76.00 410.0 0.0 182 2006
12.00 76.00 490.0 0.0 182 2006
12.08 76.00 10.0 0.0 182 2006
12.08 76.00 20.0 0.0 182 2006
12.08 76.00 30.0 0.0 182 2006
12.08 76.00 40.0 0.0 182 2006
12.08 76.00 50.0 0.0 182 2006
12.08 76.00 60.0 0.0 182 2006
12.08 76.00 70.0 0.0 182 2006
12.08 76.00 80.0 0.0 182 2006
12.08 76.00 90.0 0.0 182 2006
12.08 76.00 100.0 0.0 182 2006
12.08 76.00 115.0 0.0 182 2006
12.08 76.00 135.0 0.0 182 2006
12.08 76.00 160.0 0.0 182 2006
12.08 76.00 190.0 0.0 182 2006
12.08 76.00 230.0 0.0 182 2006
12.08 76.00 280.0 0.0 182 2006
12.08 76.00 340.0 0.0 182 2006
12.08 76.00 410.0 0.0 182 2006
12.08 76.00 490.0 0.0 182 2006
12.17 76.00 10.0 0.0 182 2006
12.17 76.00 20.0 0.0 182 2006
12.17 76.00 30.0 0.0 182 2006
12.17 76.00 40.0 0.0 182 2006
12.17 76.00 50.0 0.0 182 2006
12.17 76.00 60.0 0.0 182 2006
12.17 76.00 70.0 0.0 182 2006
12.17 76.00 80.0 0.0 182 2006
12.17 76.00 90.0 0.0 182 2006
12.17 76.00 100.0 0.0 182 2006
12.17 76.00 115.0 0.0 182 2006
12.17 76.00 135.0 0.0 182 2006
12.17 76.00 160.0 0.0 182 2006
12.17 76.00 190.0 0.0 182 2006
12.17 76.00 230.0 0.0 182 2006
12.17 76.00 280.0 0.0 182 2006
12.17 76.00 340.0 0.0 182 2006
12.17 76.00 410.0 0.0 182 2006
12.17 76.00 490.0 0.0 182 2006
12.25 76.00 10.0 0.0 182 2006
12.25 76.00 20.0 0.0 182 2006
12.25 76.00 30.0 0.0 182 2006
12.25 76.00 40.0 0.0 182 2006
12.25 76.00 50.0 0.0 182 2006
12.25 76.00 60.0 0.0 182 2006
12.25 76.00 70.0 0.0 182 2006
12.25 76.00 80.0 0.0 182 2006
12.25 76.00 90.0 0.0 182 2006
12.25 76.00 100.0 0.0 182 2006
12.25 76.00 115.0 0.0 182 2006
12.25 76.00 135.0 0.0 182 2006
12.25 76.00 160.0 0.0 182 2006
12.25 76.00 190.0 0.0 182 2006
12.25 76.00 230.0 0.0 182 2006
12.25 76.00 280.0 0.0 182 2006
12.25 76.00 340.0 0.0 182 2006
12.25 76.00 410.0 0.0 182 2006
12.25 76.00 490.0 0.0 182 2006
12.33 76.00 10.0 0.0 182 2006
12.33 76.00 20.0 0.0 182 2006
12.33 76.00 30.0 0.0 182 2006
12.33 76.00 40.0 0.0 182 2006
12.33 76.00 50.0 0.0 182 2006
12.33 76.00 60.0 0.0 182 2006
12.33 76.00 70.0 0.0 182 2006
12.33 76.00 80.0 0.0 182 2006
12.33 76.00 90.0 0.0 182 2006
12.33 76.00 100.0 0.0 182 2006
12.33 76.00 115.0 0.0 182 2006
12.33 76.00 135.0 0.0 182 2006
12.33 76.00 160.0 0.0 182 2006
12.33 76.00 190.0 0.0 182 2006
12.33 76.00 230.0 0.0 182 2006
12.33 76.00 280.0 0.0 182 2006
12.33 76.00 340.0 0.0 182 2006
12.33 76.00 410.0 0.0 182 2006
12.33 76.00 490.0 0.0 182 2006
12.42 76.00 10.0 0.0 182 2006
12.42 76.00 20.0 0.0 182 2006
12.42 76.00 30.0 0.0 182 2006
12.42 76.00 40.0 0.0 182 2006
12.42 76.00 50.0 0.0 182 2006
12.42 76.00 60.0 0.0 182 2006
12.42 76.00 70.0 0.0 182 2006
12.42 76.00 80.0 0.0 182 2006
12.42 76.00 90.0 0.0 182 2006
12.42 76.00 100.0 0.0 182 2006
12.42 76.00 115.0 0.0 182 2006
12.42 76.00 135.0 0.0 182 2006
12.42 76.00 160.0 0.0 182 2006
12.42 76.00 190.0 0.0 182 2006
12.42 76.00 230.0 0.0 182 2006
12.42 76.00 280.0 0.0 182 2006
12.42 76.00 340.0 0.0 182 2006
12.42 76.00 410.0 0.0 182 2006
12.42 76.00 490.0 0.0 182 2006
12.50 76.00 10.0 0.0 182 2006
12.50 76.00 20.0 0.0 182 2006
12.50 76.00 30.0 0.0 182 2006
12.50 76.00 40.0 0.0 182 2006
12.50 76.00 50.0 0.0 182 2006
12.50 76.00 60.0 0.0 182 2006
12.50 76.00 70.0 0.0 182 2006
12.50 76.00 80.0 0.0 182 2006
12.50 76.00 90.0 0.0 182 2006
12.50 76.00 100.0 0.0 182 2006
12.50 76.00 115.0 0.0 182 2006
12.50 76.00 135.0 0.0 182 2006
12.50 76.00 160.0 0.0 182 2006
12.50 76.00 190.0 0.0 182 2006
12.50 76.00 230.0 0.0 182 2006
12.50 76.00 280.0 0.0 182 2006
12.50 76.00 340.0 0.0 182 2006
12.50 76.00 410.0 0.0 182 2006
12.50 76.00 490.0 0.0 182 2006
12.58 76.00 10.0 0.0 182 2006
12.58 76.00 20.0 0.0 182 2006
12.58 76.00 30.0 0.0 182 2006
12.58 76.00 40.0 0.0 182 2006
12.58 76.00 50.0 0.0 182 2006
12.58 76.00 60.0 0.0 182 2006
12.58 76.00 70.0 0.0 182 2006
12.58 76.00 80.0 0.0 182 2006
12.58 76.00 90.0 0.0 182 2006
12.58 76.00 100.0 0.0 182 2006
12.58 76.00 115.0 0.0 182 2006
12.58 76.00 135.0 0.0 182 2006
12.58 76.00 160.0 0.0 182 2006
12.58 76.00 190.0 0.0 182 2006
12.58 76.00 230.0 0.0 182 2006
12.58 76.00 280.0 0.0 182 2006
12.58 76.00 340.0 0.0 182 2006
12.58 76.00 410.0 0.0 182 2006
12.58 76.00 490.0 0.0 182 2006
12.67 76.00 10.0 0.0 182 2006
12.67 76.00 20.0 0.0 182 2006
12.67 76.00 30.0 0.0 182 2006
12.67 76.00 40.0 0.0 182 2006
12.67 76.00 50.0 0.0 182 2006
12.67 76.00 60.0 0.0 182 2006
12.67 76.00 70.0 0.0 182 2006
12.67 76.00 80.0 0.0 182 2006
12.67 76.00 90.0 0.0 182 2006
12.67 76.00 100.0 0.0 182 2006
12.67 76.00 115.0 0.0 182 2006
12.67 76.00 135.0 0.0 182 2006
12.67 76.00 160.0 0.0 182 2006
12.67 76.00 190.0 0.0 182 2006
12.67 76.00 230.0 0.0 182 2006
12.67 76.00 280.0 0.0 182 2006
12.67 76.00 340.0 0.0 182 2006
12.67 76.00 410.0 0.0 182 2006
12.67 76.00 490.0 0.0 182 2006
12.75 76.00 10.0 0.0 182 2006
12.75 76.00 20.0 0.0 182 2006
12.75 76.00 30.0 0.0 182 2006
12.75 76.00 40.0 0.0 182 2006
12.75 76.00 50.0 0.0 182 2006
12.75 76.00 60.0 0.0 182 2006
12.75 76.00 70.0 0.0 182 2006
12.75 76.00 80.0 0.0 182 2006
12.75 76.00 90.0 0.0 182 2006
12.75 76.00 100.0 0.0 182 2006
12.75 76.00 115.0 0.0 182 2006
12.75 76.00 135.0 0.0 182 2006
12.75 76.00 160.0 0.0 182 2006
12.75 76.00 190.0 0.0 182 2006
12.75 76.00 230.0 0.0 182 2006
12.75 76.00 280.0 0.0 182 2006
12.75 76.00 340.0 0.0 182 2006
12.75 76.00 410.0 0.0 182 2006
12.75 76.00 490.0 0.0 182 2006
12.83 76.00 10.0 0.0 182 2006
12.83 76.00 20.0 0.0 182 2006
12.83 76.00 30.0 0.0 182 2006
12.83 76.00 40.0 0.0 182 2006
12.83 76.00 50.0 0.0 182 2006
12.83 76.00 60.0 0.0 182 2006
12.83 76.00 70.0 0.0 182 2006
12.83 76.00 80.0 0.0 182 2006
12.83 76.00 90.0 0.0 182 2006
12.83 76.00 100.0 0.0 182 2006
12.83 76.00 115.0 0.0 182 2006
12.83 76.00 135.0 0.0 182 2006
12.83 76.00 160.0 0.0 182 2006
12.83 76.00 190.0 0.0 182 2006
12.83 76.00 230.0 0.0 182 2006
12.83 76.00 280.0 0.0 182 2006
12.83 76.00 340.0 0.0 182 2006
12.83 76.00 410.0 0.0 182 2006
12.83 76.00 490.0 0.0 182 2006
12.92 76.00 10.0 0.0 182 2006
12.92 76.00 20.0 0.0 182 2006
12.92 76.00 30.0 0.0 182 2006
12.92 76.00 40.0 0.0 182 2006
12.92 76.00 50.0 0.0 182 2006
12.92 76.00 60.0 0.0 182 2006
12.92 76.00 70.0 0.0 182 2006
12.92 76.00 80.0 0.0 182 2006
12.92 76.00 90.0 0.0 182 2006
12.92 76.00 100.0 0.0 182 2006
12.92 76.00 115.0 0.0 182 2006
12.92 76.00 135.0 0.0 182 2006
12.92 76.00 160.0 0.0 182 2006
12.92 76.00 190.0 0.0 182 2006
12.92 76.00 230.0 0.0 182 2006
12.92 76.00 280.0 0.0 182 2006
12.92 76.00 340.0 0.0 182 2006
12.92 76.00 410.0 0.0 182 2006
12.92 76.00 490.0 0.0 182 2006
13.00 76.00 10.0 0.0 182 2006
13.00 76.00 20.0 0.0 182 2006
13.00 76.00 30.0 0.0 182 2006
13.00 76.00 40.0 0.0 182 2006
13.00 76.00 50.0 0.0 182 2006
13.00 76.00 60.0 0.0 182 2006
13.00 76.00 70.0 0.0 182 2006
13.00 76.00 80.0 0.0 182 2006
13.00 76.00 90.0 0.0 182 2006
13.00 76.00 100.0 0.0 182 2006
13.00 76.00 115.0 0.0 182 2006
13.00 76.00 135.0 0.0 182 2006
13.00 76.00 160.0 0.0 182 2006
13.00 76.00 190.0 0.0 182 2006
13.00 76.00 230.0 0.0 182 2006
13.00 76.00 280.0 0.0 182 2006
13.00 76.00 340.0 0.0 182 2006
13.00 76.00 410.0 0.0 182 2006
13.00 76.00 490.0 0.0 182 2006
13.08 76.00 10.0 0.0 182 2006
13.08 76.00 20.0 0.0 182 2006
13.08 76.00 30.0 0.0 182 2006
13.08 76.00 40.0 0.0 182 2006
13.08 76.00 50.0 0.0 182 2006
13.08 76.00 60.0 0.0 182 2006
13.08 76.00 70.0 0.0 182 2006
13.08 76.00 80.0 0.0 182 2006
13.08 76.00 90.0 0.0 182 2006
13.08 76.00 100.0 0.0 182 2006
13.08 76.00 115.0 0.0 182 2006
13.08 76.00 135.0 0.0 182 2006
13.08 76.00 160.0 0.0 182 2006
13.08 76.00 190.0 0.0 182 2006
13.08 76.00 230.0 0.0 182 2006
13.08 76.00 280.0 0.0 182 2006
13.08 76.00 340.0 0.0 182 2006
13.08 76.00 410.0 0.0 182 2006
13.08 76.00 490.0 0.0 182 2006
13.17 76.00 10.0 0.0 182 2006
13.17 76.00 20.0 0.0 182 2006
13.17 76.00 30.0 0.0 182 2006
13.17 76.00 40.0 0.0 182 2006
13.17 76.00 50.0 0.0 182 2006
13.17 76.00 60.0 0.0 182 2006
13.17 76.00 70.0 0.0 182 2006
13.17 76.00 80.0 0.0 182 2006
13.17 76.00 90.0 0.0 182 2006
13.17 76.00 100.0 0.0 182 2006
13.17 76.00 115.0 0.0 182 2006
13.17 76.00 135.0 0.0 182 2006
13.17 76.00 160.0 0.0 182 2006
13.17 76.00 190.0 0.0 182 2006
13.17 76.00 230.0 0.0 182 2006
13.17 76.00 280.0 0.0 182 2006
13.17 76.00 340.0 0.0 182 2006
13.17 76.00 410.0 0.0 182 2006
13.17 76.00 490.0 0.0 182 2006
13.25 76.00 10.0 0.0 182 2006
13.25 76.00 20.0 0.0 182 2006
13.25 76.00 30.0 0.0 182 2006
13.25 76.00 40.0 0.0 182 2006
13.25 76.00 50.0 0.0 182 2006
13.25 76.00 60.0 0.0 182 2006
13.25 76.00 70.0 0.0 182 2006
13.25 76.00 80.0 0.0 182 2006
13.25 76.00 90.0 0.0 182 2006
13.25 76.00 100.0 0.0 182 2006
13.25 76.00 115.0 0.0 182 2006
13.25 76.00 135.0 0.0 182 2006
13.25 76.00 160.0 0.0 182 2006
13.25 76.00 190.0 0.0 182 2006
13.25 76.00 230.0 0.0 182 2006
13.25 76.00 280.0 0.0 182 2006
13.25 76.00 340.0 0.0 182 2006
13.25 76.00 410.0 0.0 182 2006
13.25 76.00 490.0 0.0 182 2006
13.33 76.00 10.0 0.0 182 2006
13.33 76.00 20.0 0.0 182 2006
13.33 76.00 30.0 0.0 182 2006
13.33 76.00 40.0 0.0 182 2006
13.33 76.00 50.0 0.0 182 2006
13.33 76.00 60.0 0.0 182 2006
13.33 76.00 70.0 0.0 182 2006
13.33 76.00 80.0 0.0 182 2006
13.33 76.00 90.0 0.0 182 2006
13.33 76.00 100.0 0.0 182 2006
13.33 76.00 115.0 0.0 182 2006
13.33 76.00 135.0 0.0 182 2006
13.33 76.00 160.0 0.0 182 2006
13.33 76.00 190.0 0.0 182 2006
13.33 76.00 230.0 0.0 182 2006
13.33 76.00 280.0 0.0 182 2006
13.33 76.00 340.0 0.0 182 2006
13.33 76.00 410.0 0.0 182 2006
13.33 76.00 490.0 0.0 182 2006
13.33 76.00 580.0 0.0 182 2006
13.42 76.00 10.0 0.0 182 2006
13.42 76.00 20.0 0.0 182 2006
13.42 76.00 30.0 0.0 182 2006
13.42 76.00 40.0 0.0 182 2006
13.42 76.00 50.0 0.0 182 2006
13.42 76.00 60.0 0.0 182 2006
13.42 76.00 70.0 0.0 182 2006
13.42 76.00 80.0 0.0 182 2006
13.42 76.00 90.0 0.0 182 2006
13.42 76.00 100.0 0.0 182 2006
13.42 76.00 115.0 0.0 182 2006
13.42 76.00 135.0 0.0 182 2006
13.42 76.00 160.0 0.0 182 2006
13.42 76.00 190.0 0.0 182 2006
13.42 76.00 230.0 0.0 182 2006
13.42 76.00 280.0 0.0 182 2006
13.42 76.00 340.0 0.0 182 2006
13.42 76.00 410.0 0.0 182 2006
13.42 76.00 490.0 0.0 182 2006
13.42 76.00 580.0 0.0 182 2006
13.50 76.00 10.0 0.0 182 2006
13.50 76.00 20.0 0.0 182 2006
13.50 76.00 30.0 0.0 182 2006
13.50 76.00 40.0 0.0 182 2006
13.50 76.00 50.0 0.0 182 2006
13.50 76.00 60.0 0.0 182 2006
13.50 76.00 70.0 0.0 182 2006
13.50 76.00 80.0 0.0 182 2006
13.50 76.00 90.0 0.0 182 2006
13.50 76.00 100.0 0.0 182 2006
13.50 76.00 115.0 0.0 182 2006
13.50 76.00 135.0 0.0 182 2006
13.50 76.00 160.0 0.0 182 2006
13.50 76.00 190.0 0.0 182 2006
13.50 76.00 230.0 0.0 182 2006
13.50 76.00 280.0 0.0 182 2006
13.50 76.00 340.0 0.0 182 2006
13.50 76.00 410.0 0.0 182 2006
13.50 76.00 490.0 0.0 182 2006
13.50 76.00 580.0 0.0 182 2006
13.58 76.00 10.0 0.0 182 2006
13.58 76.00 20.0 0.0 182 2006
13.58 76.00 30.0 0.0 182 2006
13.58 76.00 40.0 0.0 182 2006
13.58 76.00 50.0 0.0 182 2006
13.58 76.00 60.0 0.0 182 2006
13.58 76.00 70.0 0.0 182 2006
13.58 76.00 80.0 0.0 182 2006
13.58 76.00 90.0 0.0 182 2006
13.58 76.00 100.0 0.0 182 2006
13.58 76.00 115.0 0.0 182 2006
13.58 76.00 135.0 0.0 182 2006
13.58 76.00 160.0 0.0 182 2006
13.58 76.00 190.0 0.0 182 2006
13.58 76.00 230.0 0.0 182 2006
13.58 76.00 280.0 0.0 182 2006
13.58 76.00 340.0 0.0 182 2006
13.58 76.00 410.0 0.0 182 2006
13.58 76.00 490.0 0.0 182 2006
13.58 76.00 580.0 0.0 182 2006
13.67 76.00 10.0 0.0 182 2006
13.67 76.00 20.0 0.0 182 2006
13.67 76.00 30.0 0.0 182 2006
13.67 76.00 40.0 0.0 182 2006
13.67 76.00 50.0 0.0 182 2006
13.67 76.00 60.0 0.0 182 2006
13.67 76.00 70.0 0.0 182 2006
13.67 76.00 80.0 0.0 182 2006
13.67 76.00 90.0 0.0 182 2006
13.67 76.00 100.0 0.0 182 2006
13.67 76.00 115.0 0.0 182 2006
13.67 76.00 135.0 0.0 182 2006
13.67 76.00 160.0 0.0 182 2006
13.67 76.00 190.0 0.0 182 2006
13.67 76.00 230.0 0.0 182 2006
13.67 76.00 280.0 0.0 182 2006
13.67 76.00 340.0 0.0 182 2006
13.67 76.00 410.0 0.0 182 2006
13.67 76.00 490.0 0.0 182 2006
13.67 76.00 580.0 0.0 182 2006
13.75 76.00 10.0 0.0 182 2006
13.75 76.00 20.0 0.0 182 2006
13.75 76.00 30.0 0.0 182 2006
13.75 76.00 40.0 0.0 182 2006
13.75 76.00 50.0 0.0 182 2006
13.75 76.00 60.0 0.0 182 2006
13.75 76.00 70.0 0.0 182 2006
13.75 76.00 80.0 0.0 182 2006
13.75 76.00 90.0 0.0 182 2006
13.75 76.00 100.0 0.0 182 2006
13.75 76.00 115.0 0.0 182 2006
13.75 76.00 135.0 0.0 182 2006
13.75 76.00 160.0 0.0 182 2006
13.75 76.00 190.0 0.0 182 2006
13.75 76.00 230.0 0.0 182 2006
13.75 76.00 280.0 0.0 182 2006
13.75 76.00 340.0 0.0 182 2006
13.75 76.00 410.0 0.0 182 2006
13.75 76.00 490.0 0.0 182 2006
13.75 76.00 580.0 0.0 182 2006
13.83 76.00 10.0 0.0 182 2006
13.83 76.00 20.0 0.0 182 2006
13.83 76.00 30.0 0.0 182 2006
13.83 76.00 40.0 0.0 182 2006
13.83 76.00 50.0 0.0 182 2006
13.83 76.00 60.0 0.0 182 2006
13.83 76.00 70.0 0.0 182 2006
13.83 76.00 80.0 0.0 182 2006
13.83 76.00 90.0 0.0 182 2006
13.83 76.00 100.0 0.0 182 2006
13.83 76.00 115.0 0.0 182 2006
13.83 76.00 135.0 0.0 182 2006
13.83 76.00 160.0 0.0 182 2006
13.83 76.00 190.0 0.0 182 2006
13.83 76.00 230.0 0.0 182 2006
13.83 76.00 280.0 0.0 182 2006
13.83 76.00 340.0 0.0 182 2006
13.83 76.00 410.0 0.0 182 2006
13.83 76.00 490.0 0.0 182 2006
13.83 76.00 580.0 0.0 182 2006
13.83 76.00 680.0 0.0 182 2006
13.92 76.00 10.0 0.0 182 2006
13.92 76.00 20.0 0.0 182 2006
13.92 76.00 30.0 0.0 182 2006
13.92 76.00 40.0 0.0 182 2006
13.92 76.00 50.0 0.0 182 2006
13.92 76.00 60.0 0.0 182 2006
13.92 76.00 70.0 0.0 182 2006
13.92 76.00 80.0 0.0 182 2006
13.92 76.00 90.0 0.0 182 2006
13.92 76.00 100.0 0.0 182 2006
13.92 76.00 115.0 0.0 182 2006
13.92 76.00 135.0 0.0 182 2006
13.92 76.00 160.0 0.0 182 2006
13.92 76.00 190.0 0.0 182 2006
13.92 76.00 230.0 0.0 182 2006
13.92 76.00 280.0 0.0 182 2006
13.92 76.00 340.0 0.0 182 2006
13.92 76.00 410.0 0.0 182 2006
13.92 76.00 490.0 0.0 182 2006
13.92 76.00 580.0 0.0 182 2006
13.92 76.00 680.0 0.0 182 2006
14.00 76.00 10.0 0.0 182 2006
14.00 76.00 20.0 0.0 182 2006
14.00 76.00 30.0 0.0 182 2006
14.00 76.00 40.0 0.0 182 2006
14.00 76.00 50.0 0.0 182 2006
14.00 76.00 60.0 0.0 182 2006
14.00 76.00 70.0 0.0 182 2006
14.00 76.00 80.0 0.0 182 2006
14.00 76.00 90.0 0.0 182 2006
14.00 76.00 100.0 0.0 182 2006
14.00 76.00 115.0 0.0 182 2006
14.00 76.00 135.0 0.0 182 2006
14.00 76.00 160.0 0.0 182 2006
14.00 76.00 190.0 0.0 182 2006
14.00 76.00 230.0 0.0 182 2006
14.00 76.00 280.0 0.0 182 2006
14.00 76.00 340.0 0.0 182 2006
14.00 76.00 410.0 0.0 182 2006
14.00 76.00 490.0 0.0 182 2006
14.00 76.00 580.0 0.0 182 2006
14.00 76.00 680.0 0.0 182 2006
14.08 76.00 10.0 0.0 182 2006
14.08 76.00 20.0 0.0 182 2006
14.08 76.00 30.0 0.0 182 2006
14.08 76.00 40.0 0.0 182 2006
14.08 76.00 50.0 0.0 182 2006
14.08 76.00 60.0 0.0 182 2006
14.08 76.00 70.0 0.0 182 2006
14.08 76.00 80.0 0.0 182 2006
14.08 76.00 90.0 0.0 182 2006
14.08 76.00 100.0 0.0 182 2006
14.08 76.00 115.0 0.0 182 2006
14.08 76.00 135.0 0.0 182 2006
14.08 76.00 160.0 0.0 182 2006
14.08 76.00 190.0 0.0 182 2006
14.08 76.00 230.0 0.0 182 2006
14.08 76.00 280.0 0.0 182 2006
14.08 76.00 340.0 0.0 182 2006
14.08 76.00 410.0 0.0 182 2006
14.08 76.00 490.0 0.0 182 2006
14.08 76.00 580.0 0.0 182 2006
14.08 76.00 680.0 0.0 182 2006
14.17 76.00 10.0 0.0 182 2006
14.17 76.00 20.0 0.0 182 2006
14.17 76.00 30.0 0.0 182 2006
14.17 76.00 40.0 0.0 182 2006
14.17 76.00 50.0 0.0 182 2006
14.17 76.00 60.0 0.0 182 2006
14.17 76.00 70.0 0.0 182 2006
14.17 76.00 80.0 0.0 182 2006
14.17 76.00 90.0 0.0 182 2006
14.17 76.00 100.0 0.0 182 2006
14.17 76.00 115.0 0.0 182 2006
14.17 76.00 135.0 0.0 182 2006
14.17 76.00 160.0 0.0 182 2006
14.17 76.00 190.0 0.0 182 2006
14.17 76.00 230.0 0.0 182 2006
14.17 76.00 280.0 0.0 182 2006
14.17 76.00 340.0 0.0 182 2006
14.17 76.00 410.0 0.0 182 2006
14.17 76.00 490.0 0.0 182 2006
14.17 76.00 580.0 0.0 182 2006
14.25 76.00 10.0 0.0 182 2006
14.25 76.00 20.0 0.0 182 2006
14.25 76.00 30.0 0.0 182 2006
14.25 76.00 40.0 0.0 182 2006
14.25 76.00 50.0 0.0 182 2006
14.25 76.00 60.0 0.0 182 2006
14.25 76.00 70.0 0.0 182 2006
14.25 76.00 80.0 0.0 182 2006
14.25 76.00 90.0 0.0 182 2006
14.25 76.00 100.0 0.0 182 2006
14.25 76.00 115.0 0.0 182 2006
14.25 76.00 135.0 0.0 182 2006
14.25 76.00 160.0 0.0 182 2006
14.25 76.00 190.0 0.0 182 2006
14.25 76.00 230.0 0.0 182 2006
14.25 76.00 280.0 0.0 182 2006
14.25 76.00 340.0 0.0 182 2006
14.25 76.00 410.0 0.0 182 2006
14.25 76.00 490.0 0.0 182 2006
14.33 76.00 10.0 0.0 182 2006
14.33 76.00 20.0 0.0 182 2006
14.33 76.00 30.0 0.0 182 2006
14.33 76.00 40.0 0.0 182 2006
14.33 76.00 50.0 0.0 182 2006
14.33 76.00 60.0 0.0 182 2006
14.33 76.00 70.0 0.0 182 2006
14.33 76.00 80.0 0.0 182 2006
14.33 76.00 90.0 0.0 182 2006
14.33 76.00 100.0 0.0 182 2006
14.33 76.00 115.0 0.0 182 2006
14.33 76.00 135.0 0.0 182 2006
14.33 76.00 160.0 0.0 182 2006
14.33 76.00 190.0 0.0 182 2006
14.33 76.00 230.0 0.0 182 2006
14.33 76.00 280.0 0.0 182 2006
14.33 76.00 340.0 0.0 182 2006
14.33 76.00 410.0 0.0 182 2006
14.42 76.00 10.0 0.0 182 2006
14.42 76.00 20.0 0.0 182 2006
14.42 76.00 30.0 0.0 182 2006
14.42 76.00 40.0 0.0 182 2006
14.42 76.00 50.0 0.0 182 2006
14.42 76.00 60.0 0.0 182 2006
14.42 76.00 70.0 0.0 182 2006
14.42 76.00 80.0 0.0 182 2006
14.42 76.00 90.0 0.0 182 2006
14.42 76.00 100.0 0.0 182 2006
14.42 76.00 115.0 0.0 182 2006
14.42 76.00 135.0 0.0 182 2006
14.42 76.00 160.0 0.0 182 2006
14.42 76.00 190.0 0.0 182 2006
14.42 76.00 230.0 0.0 182 2006
14.42 76.00 280.0 0.0 182 2006
14.42 76.00 340.0 0.0 182 2006
14.50 76.00 10.0 0.0 182 2006
14.50 76.00 20.0 0.0 182 2006
14.50 76.00 30.0 0.0 182 2006
14.50 76.00 40.0 0.0 182 2006
14.50 76.00 50.0 0.0 182 2006
14.50 76.00 60.0 0.0 182 2006
14.50 76.00 70.0 0.0 182 2006
14.50 76.00 80.0 0.0 182 2006
14.50 76.00 90.0 0.0 182 2006
14.50 76.00 100.0 0.0 182 2006
14.50 76.00 115.0 0.0 182 2006
14.50 76.00 135.0 0.0 182 2006
14.50 76.00 160.0 0.0 182 2006
14.50 76.00 190.0 0.0 182 2006
14.50 76.00 230.0 0.0 182 2006
14.50 76.00 280.0 0.0 182 2006
14.50 76.00 340.0 0.0 182 2006
14.58 76.00 10.0 0.0 182 2006
14.58 76.00 20.0 0.0 182 2006
14.58 76.00 30.0 0.0 182 2006
14.58 76.00 40.0 0.0 182 2006
14.58 76.00 50.0 0.0 182 2006
14.58 76.00 60.0 0.0 182 2006
14.58 76.00 70.0 0.0 182 2006
14.58 76.00 80.0 0.0 182 2006
14.58 76.00 90.0 0.0 182 2006
14.58 76.00 100.0 0.0 182 2006
14.58 76.00 115.0 0.0 182 2006
14.58 76.00 135.0 0.0 182 2006
14.58 76.00 160.0 0.0 182 2006
14.58 76.00 190.0 0.0 182 2006
14.58 76.00 230.0 0.0 182 2006
14.58 76.00 280.0 0.0 182 2006
14.58 76.00 340.0 0.0 182 2006
14.67 76.00 10.0 0.0 182 2006
14.67 76.00 20.0 0.0 182 2006
14.67 76.00 30.0 0.0 182 2006
14.67 76.00 40.0 0.0 182 2006
14.67 76.00 50.0 0.0 182 2006
14.67 76.00 60.0 0.0 182 2006
14.67 76.00 70.0 0.0 182 2006
14.67 76.00 80.0 0.0 182 2006
14.67 76.00 90.0 0.0 182 2006
14.67 76.00 100.0 0.0 182 2006
14.67 76.00 115.0 0.0 182 2006
14.67 76.00 135.0 0.0 182 2006
14.67 76.00 160.0 0.0 182 2006
14.67 76.00 190.0 0.0 182 2006
14.67 76.00 230.0 0.0 182 2006
14.67 76.00 280.0 0.0 182 2006
14.67 76.00 340.0 0.0 182 2006
14.75 76.00 10.0 0.0 182 2006
14.75 76.00 20.0 0.0 182 2006
14.75 76.00 30.0 0.0 182 2006
14.75 76.00 40.0 0.0 182 2006
14.75 76.00 50.0 0.0 182 2006
14.75 76.00 60.0 0.0 182 2006
14.75 76.00 70.0 0.0 182 2006
14.75 76.00 80.0 0.0 182 2006
14.75 76.00 90.0 0.0 182 2006
14.75 76.00 100.0 0.0 182 2006
14.75 76.00 115.0 0.0 182 2006
14.75 76.00 135.0 0.0 182 2006
14.75 76.00 160.0 0.0 182 2006
14.75 76.00 190.0 0.0 182 2006
14.75 76.00 230.0 0.0 182 2006
14.75 76.00 280.0 0.0 182 2006
14.75 76.00 340.0 0.0 182 2006
14.83 76.00 10.0 0.0 182 2006
14.83 76.00 20.0 0.0 182 2006
14.83 76.00 30.0 0.0 182 2006
14.83 76.00 40.0 0.0 182 2006
14.83 76.00 50.0 0.0 182 2006
14.83 76.00 60.0 0.0 182 2006
14.83 76.00 70.0 0.0 182 2006
14.83 76.00 80.0 0.0 182 2006
14.83 76.00 90.0 0.0 182 2006
14.83 76.00 100.0 0.0 182 2006
14.83 76.00 115.0 0.0 182 2006
14.83 76.00 135.0 0.0 182 2006
14.83 76.00 160.0 0.0 182 2006
14.83 76.00 190.0 0.0 182 2006
14.83 76.00 230.0 0.0 182 2006
14.83 76.00 280.0 0.0 182 2006
14.83 76.00 340.0 0.0 182 2006
14.92 76.00 10.0 0.0 182 2006
14.92 76.00 20.0 0.0 182 2006
14.92 76.00 30.0 0.0 182 2006
14.92 76.00 40.0 0.0 182 2006
14.92 76.00 50.0 0.0 182 2006
14.92 76.00 60.0 0.0 182 2006
14.92 76.00 70.0 0.0 182 2006
14.92 76.00 80.0 0.0 182 2006
14.92 76.00 90.0 0.0 182 2006
14.92 76.00 100.0 0.0 182 2006
14.92 76.00 115.0 0.0 182 2006
14.92 76.00 135.0 0.0 182 2006
14.92 76.00 160.0 0.0 182 2006
14.92 76.00 190.0 0.0 182 2006
14.92 76.00 230.0 0.0 182 2006
14.92 76.00 280.0 0.0 182 2006
